-4.874651409642868916e-03
-4.874651409642868916e-03
-3.312774400689388887e-03
-1.497067558265653686e-03
2.527500994127240830e-04
2.039445629823138928e-03
3.828011284182711305e-03
5.630424851686521848e-03
7.442639937275369322e-03
9.266050810268960936e-03
1.110020379719242611e-02
1.294526036612642789e-02
1.480116911339937613e-02
1.666794230275816385e-02
1.854556405391355467e-02
2.043402050371414397e-02
2.233328990343032977e-02
2.424334576733317564e-02
2.616415581662707296e-02
2.809568227035293131e-02
3.003788171625272618e-02
3.199070511767398983e-02
3.395409778380938104e-02
3.592799935630565378e-02
3.791234379629673801e-02
3.990705937668069525e-02
4.191206867829967708e-02
4.392728859045713641e-02
4.595263031576693469e-02
4.798799937932379800e-02
5.003329564221212222e-02
5.208841331946816033e-02
5.415324100248264383e-02
5.622766168583648305e-02
5.831155279860238128e-02
6.040478624011311193e-02
6.250722842019741654e-02
6.461874030387700085e-02
6.673917746051208355e-02
6.886839011737584670e-02
7.100622321763237765e-02
7.315251648268542017e-02
7.530710447885867465e-02
7.746981668836318280e-02
7.964047758450014391e-02
8.181890671108733859e-02
8.400491876589247231e-02
8.619832368818944324e-02
8.839892656735803822e-02
9.060652834563839852e-02
9.282092520278387160e-02
9.504190896541289679e-02
9.726926736488683556e-02
9.950278371113635556e-02
1.017422374075682423e-01
1.039874039238846137e-01
1.062380549243458761e-01
1.084939583898375248e-01
1.107548787434073922e-01
1.130205769781754410e-01
1.152908107876040034e-01
1.175653347010812144e-01
1.198439002140292142e-01
1.221262559265056391e-01
1.244121476819329275e-01
1.267013187087715487e-01
1.289935097619890891e-01
1.312884592697741715e-01
1.335859034793221711e-01
1.358855766024687772e-01
1.381872109591185394e-01
1.404905371211803422e-01
1.427952840498295517e-01
1.451011791662781270e-01
1.474079487626218654e-01
1.497153179201883011e-01
1.520230107066534164e-01
1.543307503317973839e-01
1.566382592959081888e-01
1.589452595366439291e-01
1.612514725854556352e-01
1.635566196949011508e-01
1.658604219736955765e-01
1.681626005548714220e-01
1.704628767051679372e-01
1.727609719778391562e-01
1.750566085522939075e-01
1.773495089706841055e-01
1.796393964478123773e-01
1.819259950971219841e-01
1.842090299820836607e-01
1.864882269872352172e-01
1.887633135368719517e-01
1.910340183278170234e-01
1.933000714753924654e-01
1.955612046396742187e-01
1.978171511416635664e-01
2.000676460732305484e-01
2.023124264024451502e-01
2.045512310748942575e-01
2.067838011112336782e-01
2.090098797010182252e-01
2.112292122927893756e-01
2.134415466803234740e-01
2.156466330850643209e-01
2.178442242346139701e-01
2.200340754372275276e-01
2.222159446523033210e-01
2.243895925568633043e-01
2.265547826080598903e-01
2.287112814427833540e-01
2.308588580061422535e-01
2.329972839301236442e-01
2.351263346307178592e-01
2.372457882145803665e-01
2.393554256667103641e-01
2.414550314648315488e-01
2.435443929646224359e-01
2.456233006761940896e-01
2.476915482736566920e-01
2.497489326109285646e-01
2.517952537209395825e-01
2.538303147943400395e-01
2.558539219980831003e-01
2.578658848918582436e-01
2.598660161912543232e-01
2.618541317451539285e-01
2.638300505119053341e-01
2.657935945326680982e-01
2.677445888996745627e-01
2.696828617177182141e-01
2.716082440604187243e-01
2.735205699210006003e-01
2.754196761576582220e-01
2.773054024335782075e-01
2.791775911511718000e-01
2.810360873813958493e-01
2.828807387879507251e-01
2.847113955447883038e-01
2.865279102476174788e-01
2.883301378191655551e-01
2.901179354079358452e-01
2.918911622802770056e-01
2.936496797086484700e-01
2.953933508806284025e-01
2.971220407148533749e-01
2.988356157338474817e-01
3.005339439659356349e-01
3.022168948108605036e-01
3.038843389011626206e-01
3.055361479596314656e-01
3.071721946531933423e-01
3.087923524436506084e-01
3.103964954357376627e-01
3.119844982230061681e-01
3.135562359467368720e-01
3.151115836257115665e-01
3.166504163106799719e-01
3.181726089276645242e-01
3.196780361188519270e-01
3.211665720858216111e-01
3.226380904304029240e-01
3.240924639682355446e-01
3.255295648513328310e-01
3.269492640170406639e-01
3.283514313216095437e-01
3.297359353891501921e-01
3.311026434488926196e-01
3.324514212521801904e-01
3.337821330086515603e-01
3.350946413015553627e-01
3.363888068552434718e-01
3.376644887769365555e-01
3.389215444191853166e-01
3.401598293562628772e-01
3.413791973343419106e-01
3.425795004978160474e-01
3.437605886476760020e-01
3.449223104702835996e-01
3.460645127147519151e-01
3.471870413615422701e-01
3.482897396133164958e-01
3.493724507691603476e-01
3.504350163689144426e-01
3.514772769950671449e-01
3.524990724475833281e-01
3.535002419488181280e-01
3.544806243697568582e-01
3.554400584751209458e-01
3.563783831827448956e-01
3.572954378395286623e-01
3.581910625139640425e-01
3.590650983168670041e-01
3.599173877122334719e-01
3.607477748606958690e-01
3.615561059808812261e-01
3.623422297276811532e-01
3.631059975876399504e-01
3.638472642917606747e-01
3.645658882461152439e-01
3.652617319807159868e-01
3.659346626171554040e-01
3.665845523555487651e-01
3.672112789812971290e-01
3.678147263921354160e-01
3.683947851458234113e-01
3.689513530286668841e-01
3.694843356448177518e-01
3.699936470097632268e-01
3.704792101825846729e-01
3.709409579145708791e-01
3.713788333113696161e-01
3.717927905103794450e-01
3.721827953705192371e-01
3.725488261745412144e-01
3.728908743315653695e-01
3.732089450723942159e-01
3.735030581164462404e-01
3.737732489777757516e-01
3.740195677759676207e-01
3.742420815121816902e-01
3.744408749401579306e-01
3.746160494746819114e-01
3.747677238709010705e-01
3.748960354453257926e-01
3.750011406116920409e-01
3.750832138886248668e-01
3.751424483765964379e-01
3.751790555951384221e-01
3.751932651946603414e-01
3.751853245111778090e-01
3.751554977646845979e-01
3.751040660504987856e-01
3.750313261547103538e-01
3.749375894419164634e-01
3.748231807435711271e-01
3.746884371242260592e-01
3.745337065038620294e-01
3.743593461374982168e-01
3.741657209206545320e-01
3.739532018070592101e-01
3.737221647178129436e-01
3.734729875796748422e-01
3.732060495989408255e-01
3.729217293857629567e-01
3.726204032855330861e-01
3.723024437878337256e-01
3.719682180209014644e-01
3.716180863429566217e-01
3.712524010420018561e-01
3.708715051559614562e-01
3.704757314198848239e-01
3.700654013461774361e-01
3.696408264061870619e-01
3.692023035528012587e-01
3.687501165560268523e-01
3.682845356251327473e-01
3.678058171622863859e-01
3.673142036427150536e-01
3.668099236159386156e-01
3.662931918199032189e-01
3.657642094014804668e-01
3.652231642350985963e-01
3.646702313306463550e-01
3.641055733219352719e-01
3.635293410240059142e-01
3.629416740518641160e-01
3.623427015185066713e-01
3.617325427805652693e-01
3.611113081444402573e-01
3.604790996150616933e-01
3.598360115489264155e-01
3.591821315433381123e-01
3.585175412226011549e-01
3.578423170148783972e-01
3.571565309130506627e-01
3.564602512129915191e-01
3.557535432228011718e-01
3.550364699376625244e-01
3.543090926760030790e-01
3.535714716735267049e-01
3.528236666324437998e-01
3.520657372239526794e-01
3.512977435427221962e-01
3.505197465128186418e-01
3.497318082494017544e-01
3.489339923692719725e-01
3.481263642502061550e-01
3.473089912504820909e-01
3.464819428861408701e-01
3.456452909692251940e-01
3.447991097097578006e-01
3.439434757846580037e-01
3.430784683769043664e-01
3.422041691882778403e-01
3.413206624289635283e-01
3.404280347866538436e-01
3.395263753790219163e-01
3.386157756946729935e-01
3.376963295184642888e-01
3.367681328473707270e-01
3.358312837978678633e-01
3.348858825091933777e-01
3.339320310392518976e-01
3.329698325654921742e-01
3.319993929740289729e-01
3.310208197060152679e-01
3.300342216964030073e-01
3.290397093053000210e-01
3.280373941718755515e-01
3.270273891208114736e-01
3.260098080844109347e-01
3.249847660304994168e-01
3.239523788737163068e-01
3.229127633447073098e-01
3.218660370064379550e-01
3.208123183497831321e-01
3.197517267631099225e-01
3.186843805937277230e-01
3.176103998825731134e-01
3.165299050290908967e-01
3.154430162967950535e-01
3.143498557436171792e-01
3.132505424217914558e-01
3.121451978856590315e-01
3.110339432832132656e-01
3.099168997196706243e-01
3.087941900117766592e-01
3.076659345728907646e-01
3.065322536849239832e-01
3.053932673942771348e-01
3.042490954206725773e-01
3.030998570730642494e-01
3.019456711733916610e-01
3.007866559837442111e-01
2.996229291365826164e-01
2.984546075677798060e-01
2.972818074508340458e-01
2.961046441321659173e-01
2.949232320677611652e-01
2.937376847603692664e-01
2.925481146973956670e-01
2.913546332892515967e-01
2.901573508084809294e-01
2.889563763294510368e-01
2.877518176683286355e-01
2.865437813238620457e-01
2.853323724186294097e-01
2.841176946408546788e-01
2.828998501869381399e-01
2.816789397044189847e-01
2.804550622358470968e-01
2.792283151631408944e-01
2.779987941526720907e-01
2.767665931013906788e-01
2.755318040832945847e-01
2.742945172969178391e-01
2.730548210137406229e-01
2.718128015272330278e-01
2.705685431029778987e-01
2.693221279296643678e-01
2.680736360708672050e-01
2.668231454180604589e-01
2.655707316444478883e-01
2.643164681601267718e-01
2.630604244560383331e-01
2.618026703830291235e-01
2.605432727709411367e-01
2.592822957420918839e-01
2.580198008276971544e-01
2.567558469972365809e-01
2.554904902829984725e-01
2.542237847863599853e-01
2.529557817998528968e-01
2.516865298876266865e-01
2.504160748996925312e-01
2.491444612630162592e-01
2.478717281983405796e-01
2.465979129387524948e-01
2.453230502099689736e-01
2.440471720201928818e-01
2.427703078470628828e-01
2.414924837448871875e-01
2.402137230970209369e-01
2.389340464454576263e-01
2.376534714148202387e-01
2.363720126597342874e-01
2.350896819729764720e-01
2.338064884069721572e-01
2.325224375985216474e-01
2.312375321625260161e-01
2.299517717466304512e-01
2.286651531217455124e-01
2.273776700356822111e-01
2.260893132222264179e-01
2.248000704069464395e-01
2.235099263068872077e-01
2.222188626307273207e-01
2.209268580811040161e-01
2.196338883592096614e-01
2.183399261714294437e-01
2.170449412378289145e-01
2.157489003023813079e-01
2.144517671448956664e-01
2.131535025946183770e-01
2.118540645455500304e-01
2.105534079734692754e-01
2.092514857156587693e-01
2.079482462646608243e-01
2.066436358232351944e-01
2.053375978677228486e-01
2.040300731096532649e-01
2.027209994847804508e-01
2.014103121756677106e-01
2.000979436412132217e-01
1.987838236486837440e-01
1.974678793050409775e-01
1.961500350919939406e-01
1.948302129027771612e-01
1.935083320809894702e-01
1.921843094608814972e-01
1.908580594091016658e-01
1.895294938681778008e-01
1.881985224012339142e-01
1.868650522387927670e-01
1.855289883287862540e-01
1.841902333822643401e-01
1.828486879255953046e-01
1.815042503527651563e-01
1.801568169787628737e-01
1.788062820945180986e-01
1.774525380232866434e-01
1.760954751784522265e-01
1.747349821227250632e-01
1.733709456301134044e-01
1.720032507449149872e-01
1.706317808460359464e-01
1.692564177122146130e-01
1.678770415878653999e-01
1.664935312501868714e-01
1.651057640775708824e-01
1.637136161192554173e-01
1.623169621662296225e-01
1.609156758233799556e-01
1.595096295826791410e-01
1.580986948975756368e-01
1.566827422585351515e-01
1.552616412698131221e-01
1.538352607273304751e-01
1.524034686120873949e-01
1.509661324427595541e-01
1.495231190596412463e-01
1.480742948187048769e-01
1.466195256697048477e-01
1.451586772423631988e-01
1.436916149332389814e-01
1.422182039902188389e-01
1.407383096742263473e-01
1.392517971178563185e-01
1.377585316499433665e-01
1.362583787929039780e-01
1.347512043613480204e-01
1.332368745519557085e-01
1.317152560350754453e-01
1.301862160469266227e-01
1.286496224825502410e-01
1.271053439894265225e-01
1.255532500617506653e-01
1.239932111353376221e-01
1.224250986831290633e-01
1.208487853112745203e-01
1.192641448557578698e-01
1.176710524795392954e-01
1.160693847701820824e-01
1.144590198379323021e-01
1.128398374142186300e-01
1.112117189505391068e-01
1.095745477176975902e-01
1.079282089053559268e-01
1.062725897218626536e-01
1.046075794943190640e-01
1.029330697688424778e-01
1.012489544109841377e-01
9.955512970625865488e-02
9.785149446073837520e-02
9.613795010166772959e-02
9.441440077804591491e-02
9.268075346112891744e-02
9.093691804479944740e-02
8.918280744575031449e-02
8.741833770342229137e-02
8.564342807964181459e-02
8.385800115789658615e-02
8.206198294218745859e-02
8.025530295539320957e-02
7.843789433708095449e-02
7.660969394069531979e-02
7.477064243005548949e-02
7.292068437508897327e-02
7.105976834672582398e-02
6.918784701088030731e-02
6.730487722143936591e-02
6.541082011218055103e-02
6.350564118756520104e-02
6.158931041218893010e-02
5.966180229903754462e-02
5.772309599625687071e-02
5.577317537244823320e-02
5.381202910036385345e-02
5.183965073892177200e-02
4.985603881343197985e-02
4.786119689395514076e-02
4.585513367181905109e-02
4.383786303381317917e-02
4.180940413435127456e-02
3.976978146541802761e-02
3.771902492408196750e-02
3.565716987756759049e-02
3.358425722574744088e-02
3.150033346096657583e-02
2.940545072509108404e-02
2.729966686368012069e-02
2.518304547717809677e-02
2.305565596902536124e-02
2.091757359058522836e-02
1.876887948278693763e-02
1.660966071438461228e-02
1.444001031673417673e-02
1.226002731484478886e-02
1.006981675453138408e-02
7.869489726659510687e-03
5.659163386722738942e-03
3.438960970839115283e-03
1.209011807529719595e-03
-1.030548674554813970e-03
-3.279578943153161480e-03
-5.537931363180585709e-03
-7.805452201879094221e-03
-1.008198164851425993e-02
-1.236735381531436570e-02
-1.466139676085233962e-02
-1.696393251393900695e-02
-1.927477710188128801e-02
-2.159374058369644897e-02
-2.392062708806749066e-02
-2.625523485620789160e-02
-2.859735628960704060e-02
-3.094677800271541934e-02
-3.330328088057440961e-02
-3.566664014141233963e-02
-3.803662540420837263e-02
-4.041300076122428253e-02
-4.279552485549257407e-02
-4.518395096324256954e-02
-4.757802708123617941e-02
-4.997749601897655963e-02
-5.238209549574317919e-02
-5.479155824239714812e-02
-5.720561210789165685e-02
-5.962398017041012355e-02
-6.204638085305093365e-02
-6.447252804395792181e-02
-6.690213122079591290e-02
-6.933489557846815587e-02
-7.177052216318888234e-02
-7.420870801041484777e-02
-7.664914628310490197e-02
-7.909152641732175582e-02
-8.153553426905166268e-02
-8.398085226564561134e-02
-8.642715955944038630e-02
-8.887413218471887366e-02
-9.132144321723120739e-02
-9.376876293621058678e-02
-9.621575899192921777e-02
-9.866209657022795287e-02
-1.011074385621342497e-01
-1.035514457221547030e-01
-1.059937719858633220e-01
-1.084340836377606504e-01
-1.108720276105378683e-01
-1.133072641217855725e-01
-1.157394483444474098e-01
-1.181682241019708646e-01
-1.205932480383452993e-01
-1.230141657094318691e-01
-1.254306300551898123e-01
-1.278422874076752813e-01
-1.302487771432499497e-01
-1.326497780739676891e-01
-1.350449041105635239e-01
-1.374338383149978915e-01
-1.398161995620800790e-01
-1.421916598379285857e-01
-1.445598539379359948e-01
-1.469204488306926071e-01
-1.492730845340325962e-01
-1.516174276172808644e-01
-1.539531229456254091e-01
-1.562798376324863736e-01
-1.585972227785409916e-01
-1.609049473665757901e-01
-1.632026668000527980e-01
-1.654900565153079317e-01
-1.677667703063721594e-01
-1.700324923475310390e-01
-1.722868808674658803e-01
-1.745296254191471552e-01
-1.767603869606967637e-01
-1.789788632786958322e-01
-1.811847265972182652e-01
-1.833776727844300125e-01
-1.855573810028695592e-01
-1.877235581069298109e-01
-1.898758880407677707e-01
-1.920140834050456935e-01
-1.941378326577140601e-01
-1.962468609921243223e-01
-1.983408421494894380e-01
-2.004195380149364214e-01
-2.024826222595219882e-01
-2.045299093809554991e-01
-2.065609896404570767e-01
-2.085757565633001021e-01
-2.105737277144507646e-01
-2.125549415966073996e-01
-2.145187267986337909e-01
-2.164654160794796389e-01
-2.183939274447180834e-01
-2.203052226544432168e-01
-2.221972980530883823e-01
-2.240725358914504584e-01
-2.259267756389162218e-01
-2.277657694056355042e-01
-2.295800906507436678e-01
-2.313838716175446453e-01
-2.331542738676191939e-01
-2.349271944981955185e-01
-2.366441252056241951e-01
-2.384001230691554785e-01
-2.400375937139578586e-01
-2.418193808085429553e-01
-2.433010337264689682e-01
-2.452396502775759102e-01
-2.463377035348209287e-01
-2.488073576460911318e-01
-2.489937832726906719e-01
-2.524568660912254181e-01
-2.518186088534544176e-01
-2.555743623234110196e-01
-2.548062581366808965e-01
-2.585681601065858426e-01
-2.577103081586680777e-01
-2.614725415086030513e-01
-2.605262803008201455e-01
-2.642863664692705616e-01
-2.632530842861767750e-01
-2.670087437718176027e-01
-2.658897367650042698e-01
-2.696388838620464856e-01
-2.684352773149715210e-01
-2.721760327947922997e-01
-2.708894368704688471e-01
-2.746192352499898792e-01
-2.732504589092897840e-01
-2.769673705552748721e-01
-2.755180826562315111e-01
-2.792201255967906581e-01
-2.776915681670841796e-01
-2.813767923068443699e-01
-2.797707439671939245e-01
-2.834370680604977877e-01
-2.817540987461946700e-01
-2.854002024731457920e-01
-2.836421934275450973e-01
-2.872657311741110275e-01
-2.854341347948367025e-01
-2.890335863462216714e-01
-2.871297404846144818e-01
-2.907033050879939684e-01
-2.887282010907800678e-01
-2.922743699708378884e-01
-2.902299111157805034e-01
-2.937474200889329534e-01
-2.916351311982682826e-01
-2.951218837697778263e-01
-2.929428902451989836e-01
-2.963974609482917244e-01
-2.941533572457862289e-01
-2.975742071958447088e-01
-2.952667445611658059e-01
-2.986525087418601121e-01
-2.962827931053530484e-01
-2.996323625802885249e-01
-2.972023546976699238e-01
-3.005142838646130965e-01
-2.980248391580736511e-01
-3.012974368968187600e-01
-2.987503065638848487e-01
-3.019826121839738198e-01
-2.993796325880945797e-01
-3.025708053641698037e-01
-2.999134835347904704e-01
-3.030619495882059256e-01
-3.003514613374419495e-01
-3.034563285967734059e-01
-3.006944299809463095e-01
-3.037544949754593659e-01
-3.009427564765974616e-01
-3.039573541764620801e-01
-3.010973154489995363e-01
-3.040652232425437029e-01
-3.011585356409959280e-01
-3.040789583192518020e-01
-3.011270537434740380e-01
-3.039991057135552066e-01
-3.010033125711585877e-01
-3.038262560461500450e-01
-3.007884123441340041e-01
-3.035614408366246741e-01
-3.004829967076513841e-01
-3.032057341425658525e-01
-3.000883521802014120e-01
-3.027598175030375427e-01
-2.996050163574465186e-01
-3.022249494672159531e-01
-2.990344248047683839e-01
-3.016022118543438824e-01
-2.983769670508915062e-01
-3.008918206226355307e-01
-2.976336008740754213e-01
-3.000952975044305915e-01
-2.968060436541380409e-01
-2.992143954754406532e-01
-2.958952076958493160e-01
-2.982498368332742733e-01
-2.949022604409246018e-01
-2.972029910271769548e-01
-2.938283144695115756e-01
-2.960747807698675405e-01
-2.926746780808848203e-01
-2.948669377751851339e-01
-2.914429137778221102e-01
-2.935808481132528569e-01
-2.901344273046132516e-01
-2.922179576950089119e-01
-2.887503781851629703e-01
-2.907795839273950023e-01
-2.872924693135022189e-01
-2.892673889771546492e-01
-2.857617204045483361e-01
-2.876826188377956117e-01
-2.841603864878637919e-01
-2.860273039331134859e-01
-2.824892926085099121e-01
-2.843024346394692481e-01
-2.807503373028825688e-01
-2.825101378650656803e-01
-2.789449731909628971e-01
-2.806517807686809141e-01
-2.770749497884661960e-01
-2.787291912191902643e-01
-2.751421264627184060e-01
-2.767439419972201886e-01
-2.731473621918281136e-01
-2.746976106066485457e-01
-2.710933873096842972e-01
-2.725925180356155164e-01
-2.689812930206428865e-01
-2.704297879618616784e-01
-2.668128480120464108e-01
-2.682115279004256836e-01
-2.645902321808240032e-01
-2.659399350579676469e-01
-2.623152358744451629e-01
-2.636160980071966531e-01
-2.599886267242812465e-01
-2.612421162579671163e-01
-2.576132939562977286e-01
-2.588199620623630182e-01
-2.551904273707247817e-01
-2.563512862716723073e-01
-2.527225526542223877e-01
-2.538379716275658282e-01
-2.502107096979258039e-01
-2.512818019296979566e-01
-2.476566731229500329e-01
-2.486846381228569325e-01
-2.450625962518398204e-01
-2.460482919006484470e-01
-2.424298568445908131e-01
-2.433745308969578192e-01
-2.397609479898409057e-01
-2.406651772620895247e-01
-2.370564536959034463e-01
-2.379219687933583904e-01
-2.343195838144167820e-01
-2.351466792435120690e-01
-2.315506336523585063e-01
-2.323410045071465369e-01
-2.287522229959617626e-01
-2.295066467630062501e-01
-2.259256574921371663e-01
-2.266452760866703164e-01
-2.230725015614399009e-01
-2.237585358787635981e-01
-2.201943450459789564e-01
-2.208480288709523121e-01
-2.172927949264221448e-01
-2.179153023511198606e-01
-2.143693287152661497e-01
-2.149619156273208931e-01
-2.114254001006061201e-01
-2.119893190615093348e-01
-2.084626978178543144e-01
-2.089989429556457501e-01
-2.054822553115201733e-01
-2.059922492727459808e-01
-2.024857350239357423e-01
-2.029705815067688324e-01
-1.994745098090670021e-01
-1.999352398836713174e-01
-1.964496342475329782e-01
-1.968874271974196399e-01
-1.934123123195696514e-01
-1.938282435419644567e-01
-1.903636088861239972e-01
-1.907588848299859863e-01
-1.873046607545366948e-01
-1.876804163771897405e-01
-1.842364933013099226e-01
-1.845938309235703734e-01
-1.811601501526175495e-01
-1.815000405491543900e-01
-1.780764302899969509e-01
-1.783999626950256712e-01
-1.749862452690438830e-01
-1.752943789036827960e-01
-1.718902987515600056e-01
-1.721840425630732641e-01
-1.687892663447644048e-01
-1.690696183224324467e-01
-1.656836092998390242e-01
-1.659517903990674337e-01
-1.625743193106043150e-01
-1.628309338585157695e-01
-1.594618808056004200e-01
-1.597075740999618076e-01
-1.563464285630335182e-01
-1.565821689447933207e-01
-1.532282893052920592e-01
-1.534550620168108614e-01
-1.501081793231821560e-01
-1.503265703026001876e-01
-1.469856642486190301e-01
-1.471965331493390039e-01
-1.438614692818760143e-01
-1.440652731555433774e-01
-1.407356766366026357e-01
-1.409328885007885834e-01
-1.376079394325508409e-01
-1.377991507795907067e-01
-1.344783856318942372e-01
-1.346643850621531135e-01
-1.313469175091090957e-01
-1.315278767836432217e-01
-1.282135454629655114e-01
-1.283896993162495503e-01
-1.250777851298668086e-01
-1.252497092617167740e-01
-1.219393173386561779e-01
-1.221073592055999940e-01
-1.187980586649091397e-01
-1.189623035904438103e-01
-1.156531515758964096e-01
-1.158140689228906867e-01
-1.125046631238232064e-01
-1.126621398686977610e-01
-1.093515896051434622e-01
-1.095055318255011984e-01
-1.061932832967590890e-01
-1.063438302724695472e-01
-1.030292424196922046e-01
-1.031761751142075134e-01
-9.985889608039814902e-02
-1.000022352900858530e-01
-9.668141727652246331e-02
-9.682099400370819398e-02
-9.349611024224574463e-02
-9.363160548977425557e-02
-9.030213014990157161e-02
-9.043324240355626875e-02
-8.709863864775008180e-02
-8.722495752377711076e-02
-8.388472871626927174e-02
-8.400579931641143083e-02
-8.065947566966492899e-02
-8.077476228660065982e-02
-7.742191993053838817e-02
-7.753074410719695830e-02
-7.417104451721706626e-02
-7.427268717786469909e-02
-7.090582179960952525e-02
-7.099958718883764286e-02
-6.762517611380806926e-02
-6.771027520170591618e-02
-6.432820694455210209e-02
-6.440378070339070060e-02
-6.101361333218812549e-02
-6.107888769219586844e-02
-5.768070056111754967e-02
-5.773468915663441253e-02
-5.432810903867898306e-02
-5.436974098953322593e-02
-5.095478755959070155e-02
-5.098245671849097743e-02
-4.755928508745269068e-02
-4.757245264171294785e-02
-4.414128682402979065e-02
-4.413854846440150304e-02
-4.069947385478480534e-02
-4.067922049981595456e-02
-3.723260450746575245e-02
-3.719366371146949624e-02
-3.373966322874147328e-02
-3.368052039128797276e-02
-3.021969874629508446e-02
-3.013889631297030081e-02
-2.667176297514492478e-02
-2.656774253665255409e-02
-2.309472229815254934e-02
-2.296577375491668654e-02
-1.948765791595512276e-02
-1.933196741030072247e-02
-1.584967209791930676e-02
-1.566580109252420361e-02
-1.218017446031546130e-02
-1.196598329689769688e-02
-8.477968810217905576e-03
-8.231815218549730362e-03
-4.742639281737862089e-03
-4.462174360839454845e-03
-9.730488125565539548e-04
-6.564820625553705047e-04
2.830996270816503457e-03
3.185900366338936807e-03
6.670394972193648131e-03
7.065757907078008826e-03
1.054562321367459587e-02
1.098339175750058516e-02
1.445698005219708121e-02
1.493982017681711599e-02
1.840533518642715333e-02
1.893556123904310134e-02
2.239072517165170001e-02
2.297101582744692783e-02
2.641304690038836361e-02
2.704604053005495168e-02
3.047314294752029307e-02
3.116133751501970472e-02
3.457081663081951195e-02
3.531687507592795594e-02
3.870610702574418804e-02
3.951317220864365709e-02
4.287880869166948994e-02
4.374973318467460792e-02
4.708899454351553326e-02
4.802706586546209855e-02
5.133613544805498696e-02
5.234485243562682355e-02
5.561967554542648906e-02
5.670288464694030195e-02
5.993954732208735259e-02
6.110082951247666760e-02
6.429508829098262712e-02
6.553832770333344049e-02
6.868582485447778663e-02
7.001494336462127377e-02
7.311093455170102062e-02
7.452998598221377557e-02
7.756979289567590696e-02
7.908266800118768369e-02
8.206117483520536382e-02
8.367212202709252422e-02
8.658471008652299239e-02
8.829681716043516482e-02
9.113986762105097394e-02
9.295504949603558553e-02
9.572654717105896771e-02
9.764470641336084333e-02
1.003447288499356715e-01
1.023629927951679175e-01
1.049948498728327795e-01
1.071068103440392938e-01
1.096773602612314547e-01
1.118729767495097449e-01
1.143924855193258205e-01
1.166586686494363867e-01
1.191396194773144124e-01
1.214618638762173797e-01
1.239172141984607733e-01
1.262814304386233322e-01
1.287227616350070381e-01
1.311169073335821667e-01
1.335531085720743638e-01
1.359680702448415601e-01
1.384050356367666490e-01
1.408345049591792353e-01
1.432754903356361631e-01
1.457154069401260521e-01
1.481617419471027430e-01
1.506095397483182274e-01
1.530613536427979926e-01
1.555153160590245776e-01
1.579720854150415965e-01
1.604309097282591856e-01
1.628917961228896760e-01
1.653543491792315856e-01
1.678183752574819165e-01
1.702835777659112426e-01
1.727497064928857629e-01
1.752164869817600112e-01
1.776836531453491186e-01
1.801509330089975935e-01
1.826180550296732652e-01
1.850847456875346075e-01
1.875507306453870482e-01
1.900157345014965304e-01
1.924794810743063189e-01
1.949416934916238797e-01
1.974020943475703338e-01
1.998604058350811064e-01
2.023163498846778097e-01
2.047696482995207956e-01
2.072200228896142193e-01
2.096671956041278595e-01
2.121108886620151901e-01
2.145508246806910602e-01
2.169867268026988150e-01
2.194183188202522561e-01
2.218453252975576273e-01
2.242674716908251709e-01
2.266844844658873481e-01
2.290960912133476191e-01
2.315020207611868663e-01
2.339020032847772268e-01
2.362957704341806520e-01
2.386830553764362484e-01
2.410635929652454879e-01
2.434371198181936036e-01
2.458033743753292866e-01
2.481620970796273862e-01
2.505130303918425838e-01
2.528559189025630372e-01
2.551905094169562571e-01
2.575165510368265798e-01
2.598337952399731310e-01
2.621419959565428615e-01
2.644409096426609262e-01
2.667302953512946662e-01
2.690099148001734997e-01
2.712795324358125426e-01
2.735389154978331572e-01
2.757878340779408299e-01
2.780260611767865764e-01
2.802533727581430489e-01
2.824695478003920734e-01
2.846743683454364682e-01
2.868676195439646137e-01
2.890490896998441084e-01
2.912185703105739654e-01
2.933758561049884528e-01
2.955207450788248646e-01
2.976530385276406898e-01
2.997725410772236754e-01
3.018790607114091862e-01
3.039724087973256772e-01
3.060524001080420775e-01
3.081188528427859508e-01
3.101715886443686121e-01
3.122104326145082043e-01
3.142352133261239189e-01
3.162457628332205894e-01
3.182419166783707620e-01
3.202235138974469653e-01
3.221903970219143765e-01
3.241424120783509832e-01
3.260794085862314673e-01
3.280012395528444369e-01
3.299077614657847102e-01
3.317988342831353910e-01
3.336743214213456765e-01
3.355340897414221812e-01
3.373780095318231753e-01
3.392059544887275901e-01
3.410178016961597502e-01
3.428134316028481066e-01
3.445927279975573576e-01
3.463555779824110670e-01
3.481018719443902953e-01
3.498315035250962879e-01
3.515443695891047882e-01
3.532403701913600647e-01
3.549194085406806587e-01
3.565813909642213120e-01
3.582262268702416930e-01
3.598538287096626487e-01
3.614641119365892830e-01
3.630569949679242070e-01
3.646323991420399313e-01
3.661902486771938525e-01
3.677304706289180047e-01
3.692529948470194556e-01
3.707577539322208793e-01
3.722446831925174671e-01
3.737137205993450451e-01
3.751648067436485490e-01
3.765978847919178585e-01
3.780129004423505301e-01
3.794098018811947748e-01
3.807885397392567484e-01
3.821490670487532326e-01
3.834913392005464550e-01
3.848153139018213320e-01
3.861209511342855172e-01
3.874082131129467088e-01
3.886770642455219527e-01
3.899274710925293985e-01
3.911594023281090293e-01
3.923728287016158833e-01
3.935677230000250160e-01
3.947440600111750131e-01
3.959018164879217205e-01
3.970409711132891206e-01
3.981615044662830116e-01
3.992633989888547674e-01
4.003466389538063441e-01
4.014112104336494125e-01
4.024571012704470929e-01
4.034843010466550028e-01
4.044928010569631693e-01
4.054825942811438044e-01
4.064536753579060524e-01
4.074060405597554335e-01
4.083396877688580395e-01
4.092546164541056020e-01
4.101508276488536331e-01
4.110283239293004431e-01
4.118871093946799289e-01
4.127271896480552149e-01
4.135485717780565396e-01
4.143512643415624974e-01
4.151352773473073188e-01
4.159006222404079689e-01
4.166473118878022408e-01
4.173753605645491582e-01
4.180847839410224420e-01
4.187755990709811083e-01
4.194478243804070083e-01
4.201014796571855281e-01
4.207365860415803738e-01
4.213531660174510973e-01
4.219512434043095617e-01
4.225308433500441496e-01
4.230919923244590986e-01
4.236347181134191842e-01
4.241590498136973975e-01
4.246650177109430602e-01
4.251526536393709366e-01
4.256219905971240225e-01
4.260730628836148504e-01
4.265059060915067368e-01
4.269205571049345393e-01
4.273170540979943643e-01
4.276954365354599386e-01
4.280557451737355135e-01
4.283980220605574374e-01
4.287223105356131603e-01
4.290286552316510127e-01
4.293171020765884083e-01
4.295876984997372694e-01
4.298404928155675764e-01
4.300755348668960920e-01
4.302928757777411684e-01
4.304925679804891270e-01
4.306746652166883460e-01
4.308392225407013942e-01
4.309862963232576893e-01
4.311159442551901755e-01
4.312282253512962904e-01
4.313231999543036821e-01
4.314009297389243547e-01
4.314614777159094805e-01
4.315049082361921973e-01
4.315312869950049257e-01
4.315406810359755929e-01
4.315331587551754500e-01
4.315087899050896181e-01
4.314676455984893799e-01
4.314097983121772395e-01
4.313353218905799924e-01
4.312442915491652151e-01
4.311367838776548056e-01
4.310128768430088742e-01
4.308726497921575027e-01
4.307161834544506740e-01
4.305435599438042216e-01
4.303548627605148780e-01
4.301501767927191078e-01
4.299295883174701349e-01
4.296931850014091281e-01
4.294410559010040096e-01
4.291732914623313522e-01
4.288899835203769384e-01
4.285912252978306691e-01
4.282771114033495641e-01
4.279477378292664835e-01
4.276032019487199243e-01
4.272436025121808534e-01
4.268690396433533207e-01
4.264796148344252025e-01
4.260754309406478701e-01
4.256565921742197500e-01
4.252232040974538996e-01
4.247753736152063975e-01
4.243132089665457851e-01
4.238368197156413553e-01
4.233463167418507478e-01
4.228418122289867576e-01
4.223234196537457019e-01
4.217912537732762535e-01
4.212454306118724734e-01
4.206860674467743366e-01
4.201132827930578184e-01
4.195271963875993881e-01
4.189279291720999221e-01
4.183156032751548792e-01
4.176903419933540862e-01
4.170522697714038607e-01
4.164015121812552622e-01
4.157381959002299787e-01
4.150624486881344111e-01
4.143743993633534073e-01
4.136741777779142648e-01
4.129619147915182809e-01
4.122377422445302475e-01
4.115017929299256694e-01
4.107542005641898197e-01
4.099950997571689681e-01
4.092246259808715036e-01
4.084429155372216735e-01
4.076501055247663263e-01
4.068463338043388777e-01
4.060317389636846075e-01
4.052064602810548366e-01
4.043706376877752029e-01
4.035244117297984712e-01
4.026679235282515923e-01
4.018013147389880579e-01
4.009247275111602060e-01
4.000383044448243552e-01
3.991421885476084119e-01
3.982365231903989833e-01
3.973214520621699553e-01
3.963971191238851999e-01
3.954636685615368630e-01
3.945212447383283916e-01
3.935699921460199535e-01
3.926100553555170736e-01
3.916415789666315983e-01
3.906647075571232919e-01
3.896795856310178996e-01
3.886863575662397041e-01
3.876851675615899939e-01
3.866761595831029741e-01
3.856594773098144802e-01
3.846352640789783006e-01
3.836036628307663010e-01
3.825648160524889874e-01
3.815188657223763102e-01
3.804659532529556798e-01
3.794062194340692695e-01
3.783398043755694662e-01
3.772668474497351543e-01
3.761874872334510789e-01
3.751018614501925863e-01
3.740101069118594856e-01
3.729123594605024961e-01
3.718087539099884098e-01
3.706994239876463815e-01
3.695845022759429166e-01
3.684641201544333056e-01
3.673384077414263982e-01
3.662074938357425258e-01
3.650715058593246298e-01
3.639305697996095268e-01
3.627848101523777347e-01
3.616343498648932342e-01
3.604793102794577875e-01
3.593198110772554132e-01
3.581559702229487607e-01
3.569879039107632379e-01
3.558157265085073462e-01
3.546395505042478913e-01
3.534594864534279512e-01
3.522756429264210509e-01
3.510881264569695737e-01
3.498970414913987192e-01
3.487024903382774377e-01
3.475045731201410470e-01
3.463033877254620974e-01
3.450990297614008329e-01
3.438915925081401093e-01
3.426811668727220428e-01
3.414678413430395354e-01
3.402517019491322903e-01
3.390328322202124101e-01
3.378113131456595419e-01
3.365872231363545852e-01
3.353606379559869177e-01
3.341316306991348184e-01
3.329002717843898562e-01
3.316666288920013250e-01
3.304307669426255201e-01
3.291927480608884959e-01
3.279526315473803022e-01
3.267104738485602788e-01
3.254663285299083664e-01
3.242202462496355797e-01
3.229722747343720668e-01
3.217224587561212656e-01
3.204708401108837812e-01
3.192174575987616891e-01
3.179623470056671120e-01
3.167055410865892151e-01
3.154470695502153421e-01
3.141869590455482752e-01
3.129252331519225550e-01
3.116619123657788371e-01
3.103970140919048992e-01
3.091305526384056646e-01
3.078625392101781433e-01
3.065929819060015382e-01
3.053218857161419941e-01
3.040492525224011700e-01
3.027750810994085384e-01
3.014993671177728651e-01
3.002221031481113189e-01
2.989432786663468455e-01
2.976628800625380489e-01
2.963808906501367302e-01
2.950972906828129849e-01
2.938120573694529836e-01
2.925251680916622354e-01
2.912365879750059006e-01
2.899462904473427693e-01
2.886542367045120683e-01
2.873603875783747874e-01
2.860647071238089922e-01
2.847671480745216366e-01
2.834676665768645631e-01
2.821662111283656516e-01
2.808627310594170035e-01
2.795571700584212338e-01
2.782494712811144910e-01
2.769395793397743111e-01
2.756274150299442560e-01
2.743129314289406984e-01
2.729960440027771607e-01
2.716766928150020077e-01
2.703547968592615036e-01
2.690302846962541738e-01
2.677030760799152809e-01
2.663730897718170065e-01
2.650402426804762124e-01
2.637044485571589658e-01
2.623656197218962038e-01
2.610236655207845979e-01
2.596784938058742109e-01
2.583300096946844482e-01
2.569781168074204425e-01
2.556227165449500016e-01
2.542637078850500387e-01
2.529009887173948035e-01
2.515344543291996859e-01
2.501639989790182539e-01
2.487895144909834100e-01
2.474108917553928255e-01
2.460280185418939891e-01
2.446407844981203783e-01
2.432490733380390791e-01
2.418527719587139080e-01
2.404517612532758863e-01
2.390459255994413779e-01
2.376351435760148401e-01
2.362192973610564573e-01
2.347982631198379244e-01
2.333719218350407409e-01
2.319401460996652342e-01
2.305028180334341981e-01
2.290598054471479905e-01
2.276109906393252169e-01
2.261562402311135811e-01
2.246954362912852443e-01
2.232284427774147151e-01
2.217551437847026796e-01
2.202753977224355952e-01
2.187890947811818587e-01
2.172960859529804445e-01
2.157962699392176054e-01
2.142894880852597439e-01
2.127756505715463486e-01
2.112545854378169996e-01
2.097262206658010442e-01
2.081903641683880701e-01
2.066469708268088845e-01
2.050958165194021465e-01
2.035369006968073269e-01
2.019699466732637616e-01
2.003950226592476902e-01
1.988117664428452336e-01
1.972203631993603989e-01
1.956203049946401984e-01
1.940119759287568246e-01
1.923946040769231036e-01
1.907689303160849392e-01
1.891337239068967002e-01
1.874903400544280785e-01
1.858367331446346971e-01
1.841753599639792682e-01
1.825027018695004610e-01
1.808232167979878791e-01
1.791306794156295457e-01
1.774332438188925831e-01
1.757196453775747291e-01
1.740049583938504119e-01
1.722684111646369254e-01
1.705382067108425215e-01
1.687754224742398224e-01
1.670334530995544187e-01
1.652383617610977407e-01
1.634923415397714075e-01
1.616533899559274012e-01
1.599186992262676688e-01
1.580139684592145322e-01
1.563196490441097208e-01
1.543106751545322008e-01
1.527027002323347316e-01
1.505421253832260886e-01
1.490527758918474555e-01
1.467432557516240577e-01
1.453257532200808722e-01
1.429393681374089564e-01
1.415263431323276477e-01
1.391072033746428016e-01
1.376755374844799151e-01
1.352336991528185206e-01
1.337791628051646919e-01
1.313164328717864593e-01
1.298380860462201025e-01
1.273549253386487279e-01
1.258524315867005083e-01
1.233491151294589250e-01
1.218222744404450497e-01
1.192990747298842413e-01
1.177477475640870963e-01
1.152049649396623687e-01
1.136290834742526568e-01
1.110671431554312860e-01
1.094667270174503604e-01
1.068858898737749530e-01
1.052609950705318820e-01
1.026616549777219500e-01
1.010122709834008758e-01
9.839490986691429297e-02
9.672126255902335767e-02
9.408632879728939802e-02
9.238862890613649959e-02
8.973663967891533366e-02
8.801514574801840018e-02
8.534666447835548286e-02
8.360168787062194351e-02
8.091722880170776344e-02
7.914927615446804010e-02
7.644954448601870567e-02
7.465889291880913048e-02
7.194460234485225425e-02
7.013170892332692974e-02
6.740373086962919702e-02
6.556907662135121051e-02
6.282817385438560498e-02
6.097224477654887564e-02
5.821927713873432941e-02
5.634276104740085223e-02
5.357857078890526648e-02
5.168224190785532246e-02
4.890780517622793366e-02
4.699227228262452261e-02
4.420859093560826347e-02
4.227463456819437193e-02
3.948276529247674027e-02
3.753126364425363182e-02
3.473223289575626260e-02
3.276389486872020862e-02
2.995889234488799402e-02
2.797474423297210272e-02
2.516486787895347993e-02
2.316583490762440245e-02
2.035236765980477647e-02
1.833928958825051941e-02
1.552346769784680725e-02
1.349761918268560512e-02
1.068064829395556914e-02
8.643006407770700839e-03
5.826152421088970357e-03
3.778001726952882888e-03
9.624158299659166249e-04
-1.094925534000409928e-03
-3.907927470652480806e-03
-5.973214291246271151e-03
-8.782352468868961232e-03
-1.085419713675209522e-02
-1.365838085219866355e-02
-1.573511815300900757e-02
-1.853326403296994690e-02
-2.061330648699070955e-02
-2.340426985509307806e-02
-2.548596504065505849e-02
-2.826867464288397233e-02
-3.035027255082505676e-02
-3.312379183659151100e-02
-3.520318551416754677e-02
-3.796667486119550267e-02
-4.004198595635950070e-02
-4.279460708960599463e-02
-4.486365285739622732e-02
-4.760473448864634138e-02
-4.966523861604207890e-02
-5.239422816420605256e-02
-5.444367631803348484e-02
-5.716019703179356370e-02
-5.919608159730418984e-02
-6.189980086349870098e-02
-6.391945956473231438e-02
-6.661020725171451495e-02
-6.861082257202580359e-02
-7.128859223387740141e-02
-7.326719726771990793e-02
-7.593214519311375366e-02
-7.788563031210460341e-02
-8.053807190581264985e-02
-8.246319605868204783e-02
-8.510359674562492649e-02
-8.699700603324411752e-02
-8.962596480229874374e-02
-9.148412490263918562e-02
-9.410242707784742533e-02
-9.592190960981275549e-02
-9.853034079444399074e-02
-1.003075464946501100e-01
-1.029069723369867018e-01
-1.046383765198451304e-01
-1.072296367022140956e-01
-1.089118058418541840e-01
-1.114957586393922756e-01
-1.131254837572724242e-01
-1.157026191467599857e-01
-1.172767575300326937e-01
-1.198477514606159089e-01
-1.213634147202359431e-01
-1.239286105237807634e-01
-1.253832942613078427e-01
-1.279426428602601085e-01
-1.293340612483502572e-01
-1.318875414082920083e-01
-1.332136129147200865e-01
-1.357609554046317057e-01
-1.370197688383870127e-01
-1.395606404210324447e-01
-1.407507767714122338e-01
-1.432843524693860893e-01
-1.444043912020077092e-01
-1.469301874416909237e-01
-1.479788524184469101e-01
-1.504960193366161048e-01
-1.514722643708821537e-01
-1.539801104573670920e-01
-1.548829943970821965e-01
-1.573806216446206330e-01
-1.582089490915671581e-01
-1.606958206319241134e-01
-1.614488850252523700e-01
-1.639240061710265095e-01
-1.646011447729829325e-01
-1.670636653271001804e-01
-1.676645242429986860e-01
-1.701132115506965858e-01
-1.706371398778510073e-01
-1.730714634134606078e-01
-1.735181309588137433e-01
-1.759369009843304021e-01
-1.763060816535151343e-01
-1.787083610161462055e-01
-1.789998518807523475e-01
-1.813846322313040216e-01
-1.815984643118003228e-01
-1.839648739244052200e-01
-1.841005850916821729e-01
-1.864477786387304381e-01
-1.865054961521140364e-01
-1.888323675573983507e-01
-1.888125919690395726e-01
-1.911181549154445103e-01
-1.910208213308147718e-01
-1.933041543394966311e-01
-1.931297067355867147e-01
-1.953898443579620281e-01
-1.951384357048113471e-01
-1.973744852128771488e-01
-1.970466332232033990e-01
-1.992575693227325861e-01
-1.988537723345031316e-01
-2.010385855729411031e-01
-2.005593941205166542e-01
-2.027171486674306244e-01
-2.021631703268443603e-01
-2.042929281906377681e-01
-2.036648178979292845e-01
-2.057657205752500551e-01
-2.050641420789669211e-01
-2.071352378441054243e-01
-2.063611507071216045e-01
-2.084014488281860089e-01
-2.075555750295438595e-01
-2.095641356617776729e-01
-2.086474729987544963e-01
-2.106235606123701420e-01
-2.096369951742888815e-01
-2.115796383240005074e-01
-2.105241251965355165e-01
-2.124325382238966553e-01
-2.113090644150079356e-01
-2.131824436884730833e-01
-2.119920544393639472e-01
-2.138296407047723668e-01
-2.125734264778927352e-01
-2.143744627543667236e-01
-2.130535272490842180e-01
-2.148172766036371140e-01
-2.134327775237986613e-01
-2.151585441495820206e-01
-2.137116671953139535e-01
-2.153987763271687783e-01
-2.138906716972928668e-01
-2.155384765537492753e-01
-2.139703829725544126e-01
-2.155782652826717105e-01
-2.139515896232912773e-01
-2.155189568756951113e-01
-2.138349450693063092e-01
-2.153613308907639246e-01
-2.136212260580636901e-01
-2.151060747982430910e-01
-2.133112330197659556e-01
-2.147540595554615350e-01
-2.129058193748301908e-01
-2.143061840334144763e-01
-2.124058927493295834e-01
-2.137633843628221897e-01
-2.118124008622574439e-01
-2.131266496591784076e-01
-2.111263456482932732e-01
-2.123970359064260016e-01
-2.103488132306050307e-01
-2.115756692978076614e-01
-2.094808777525200005e-01
-2.106636376162996649e-01
-2.085235531023584554e-01
-2.096620935946980069e-01
-2.074783197775580679e-01
-2.085725150728347799e-01
-2.063464478240760180e-01
-2.073962188701186926e-01
-2.051291381348639142e-01
-2.061344581952026800e-01
-2.038277435598130627e-01
-2.047886267841393659e-01
-2.024436517938178748e-01
-2.033601683440235675e-01
-2.009783008077011268e-01
-2.018505731893297239e-01
-1.994331550690338628e-01
-2.002613456959242144e-01
-1.978097234865155984e-01
-1.985940414892398420e-01
-1.961095552368858907e-01
-1.968502578075715104e-01
-1.943342385369996872e-01
-1.950316769216126345e-01
-1.924853865002308650e-01
-1.931398873403130934e-01
-1.905646600069428598e-01
-1.911766614588127078e-01
-1.885737323597183879e-01
-1.891437105625449755e-01
-1.865143204665755672e-01
-1.870427703560214039e-01
-1.843881811892319755e-01
-1.848755113467416555e-01
-1.821970696885132079e-01
-1.826440032787646495e-01
-1.799427663373011077e-01
-1.803499361260699763e-01
-1.776271050867617718e-01
-1.779951510426210637e-01
-1.752519538046113934e-01
-1.755815163505545229e-01
-1.728191876672978966e-01
-1.731109650855200965e-01
-1.703305247704250125e-01
-1.705853530743351165e-01
-1.677879419993988375e-01
-1.680066233900044670e-01
-1.651932836858401865e-01
-1.653766823527965391e-01
-1.625484567506824962e-01
-1.626974470075416290e-01
-1.598553584506123837e-01
-1.599708385147402545e-01
-1.571158844584379932e-01
-1.571987767751606702e-01
-1.543319282161316197e-01
-1.543831775681409613e-01
-1.515053788981843008e-01
-1.515259400890231478e-01
-1.486381270367445051e-01
-1.486289155907597748e-01
-1.457320539425017436e-01
-1.456940673178254431e-01
-1.427890046631589693e-01
-1.427232056692314122e-01
-1.398108274286000707e-01
-1.397182024736995654e-01
-1.367993269853361449e-01
-1.366808822765476772e-01
-1.337562956159911720e-01
-1.336130472155018234e-01
-1.306833624164177587e-01
-1.305164991731615765e-01
-1.275827255673132044e-01
-1.273928957024456077e-01
-1.244555220543044904e-01
-1.242439707302523122e-01
-1.213038300952419268e-01
-1.210713512963074862e-01
-1.181293822371728003e-01
-1.178767661180092907e-01
-1.149333741809639986e-01
-1.146619979946151974e-01
-1.117176406254056925e-01
-1.114278746039324419e-01
-1.084834342258204354e-01
-1.081765599424639179e-01
-1.052325670648468214e-01
-1.049090958525563666e-01
-1.019661599520498285e-01
-1.016270509450188098e-01
-9.868583198158965841e-02
-9.833175156371093406e-02
-9.539260116135948875e-02
-9.502449621118116974e-02
-9.208811308696819575e-02
-9.170632655637453445e-02
-8.877313578211276646e-02
-8.837853921497965115e-02
-8.544892525638317360e-02
-8.504240695869644262e-02
-8.211650559742081357e-02
-8.169858049842154690e-02
-7.877712933739562662e-02
-7.834808145705030036e-02
-7.543137279145187279e-02
-7.499206173044856150e-02
-7.208041461290101704e-02
-7.163106773444827269e-02
-6.872488101799839599e-02
-6.826604934511260048e-02
-6.536554284463924613e-02
-6.489747611169138786e-02
-6.200290160404385575e-02
-6.152620517144428286e-02
-5.863771761785524506e-02
-5.815234514911203634e-02
-5.527020917915452525e-02
-5.477671823321197953e-02
-5.190117652616606930e-02
-5.139969333017593844e-02
-4.853076761287924978e-02
-4.802144237754558259e-02
-4.515928791213248694e-02
