-4.874651409642868916e-03
-4.874651409642868916e-03
-4.759179401840629015e-03
-4.535503132851052832e-03
-4.209535474604040456e-03
-3.787147535208621602e-03
-3.273783053353462869e-03
-2.674728706261904343e-03
-1.994959654765787738e-03
-1.239259514262680550e-03
-4.121600330063493467e-04
4.820015347037770459e-04
1.439104015887489318e-03
2.455211889363886901e-03
3.526580760776526491e-03
4.649639111180360607e-03
5.820987060858769102e-03
7.037383996652157858e-03
8.295744622738882024e-03
9.593129671745505294e-03
1.092674098170856589e-02
1.229391399096359944e-02
1.369211260957776261e-02
1.511892285850461454e-02
1.657204787364355281e-02
1.804930235353322671e-02
1.954860783870935453e-02
2.106798777801340700e-02
2.260556313515838661e-02
2.415954795707096064e-02
2.572824531712013946e-02
2.731004330774618877e-02
2.890341131019918963e-02
3.050689635547887413e-02
3.211911970185862830e-02
3.373877352115484118e-02
3.536461776215897579e-02
3.699547712753470385e-02
3.863023820074161507e-02
4.026784668450991700e-02
4.190730476959131368e-02
4.354766860985175014e-02
4.518804591249044045e-02
4.682759362792196511e-02
4.846551574262079887e-02
5.010106116446563784e-02
5.173352170091390090e-02
5.336223012254801001e-02
5.498655831077332856e-02
5.660591548405836948e-02
5.821974650074096536e-02
5.982753023396705783e-02
6.142877801646880187e-02
6.302303215153039206e-02
6.460986448777063240e-02
6.618887505463288967e-02
6.775969075626046834e-02
6.932196412104880967e-02
7.087537210466324233e-02
7.241961494412277323e-02
7.395441506087718775e-02
7.547951601072791505e-02
7.699468147866819767e-02
7.849969431670111852e-02
7.999435562285800438e-02
8.147848385965583695e-02
8.295191401035621748e-02
8.441449677142143226e-02
8.586609777966310031e-02
8.730659687258035540e-02
8.873588738060000924e-02
9.015387544981767753e-02
9.156047939397607416e-02
9.295562907442375677e-02
9.433926530694336510e-02
9.571133929427916298e-02
9.707181208333112710e-02
9.842065404595512490e-02
9.975784438241130925e-02
1.010833706464944193e-01
1.023972282914613618e-01
1.036994202358730299e-01
1.049899564485343162e-01
1.062688535517252175e-01
1.075361344419694665e-01
1.087918279276030020e-01
1.100359683824471968e-01
1.112685954149113254e-01
1.124897535518838698e-01
1.136994919367930457e-01
1.148978640412478269e-01
1.160849273896882028e-01
1.172607432965126484e-01
1.184253766150841769e-01
1.195788954982539010e-01
1.207213711698421621e-01
1.218528777066360258e-01
1.229734918305099289e-01
1.240832927100888328e-01
1.251823617717522374e-01
1.262707825192188882e-01
1.273486403620319452e-01
1.284160224520959348e-01
1.294730175276773976e-01
1.305197157652679407e-01
1.315562086381592277e-01
1.325825887823368354e-01
1.335989498684293508e-01
1.346053864804255540e-01
1.356019939998900914e-01
1.365888684964687294e-01
1.375661066233389296e-01
1.385338055185329487e-01
1.394920627106732980e-01
1.404409760302312016e-01
1.413806435246673654e-01
1.423111633787459140e-01
1.432326338383292375e-01
1.441451531392080321e-01
1.450488194386537200e-01
1.459437307519609317e-01
1.468299848911052696e-01
1.477076794084413724e-01
1.485769115417719666e-01
1.494377781646824555e-01
1.502903757368724280e-01
1.511348002613067121e-01
1.519711472398780905e-01
1.527995116366476225e-01
1.536199878373483430e-01
1.544326696185288894e-01
1.552376501101808415e-01
1.560350217713247223e-01
1.568248763544705660e-01
1.576073048882838945e-01
1.583823976420032642e-01
1.591502441168324566e-01
1.599109330074731106e-01
1.606645522052267683e-01
1.614111887519338873e-01
1.621509288602806798e-01
1.628838578521226155e-01
1.636100602060591158e-01
1.643296194659913112e-01
1.650426183344725073e-01
1.657491385258305361e-01
1.664492609397918710e-01
1.671430654112473768e-01
1.678306310285669622e-01
1.685120356883362258e-01
1.691873566877151180e-01
1.698566699103004896e-01
1.705200509350380256e-01
1.711775735015358124e-01
1.718293116164947842e-01
1.724753366416310885e-01
1.731157213489299407e-01
1.737505342609627912e-01
1.743798476235235706e-01
1.750037260732137945e-01
1.756222428033222260e-01
1.762354564362446363e-01
1.768434442826535002e-01
1.774462543167107664e-01
1.780439748672806299e-01
1.786366330522782819e-01
1.792243435060545120e-01
1.798070896461140267e-01
1.803850468545181163e-01
1.809581029750798320e-01
1.815265730120847187e-01
1.820901297492249493e-01
1.826494109804031318e-01
1.832035972048904338e-01
1.837540752928960852e-01
1.842989061016271357e-01
1.848411572154547711e-01
1.853765942362155250e-01
1.859113371230183831e-01
1.864381027721170037e-01
1.869657016102411751e-01
1.874851506887155739e-01
1.880058743395817411e-01
1.885184585583865036e-01
1.890324626624767801e-01
1.895383269259992842e-01
1.900457289911423320e-01
1.905449888726246099e-01
1.910459021422091508e-01
1.915386705826785385e-01
1.920332060105292282e-01
1.925195934072846948e-01
1.930078602637743113e-01
1.934879755610655616e-01
1.939700808178337621e-01
1.944440305428995763e-01
1.949200789332196371e-01
1.953879669078230352e-01
1.958580604728588637e-01
1.963199877935261350e-01
1.967842267198651462e-01
1.972402928474003281e-01
1.976987749894315582e-01
1.981490769658391937e-01
1.986018977863434065e-01
1.990465306121038669e-01
1.994937831441989384e-01
1.999328379878432538e-01
2.003746122363875282e-01
2.008081793092682255e-01
2.012445636446461850e-01
2.016727292529512106e-01
2.021038099103644459e-01
2.025266590618959583e-01
2.029525194316953440e-01
2.033701351930059520e-01
2.037908557529208298e-01
2.042033168425087808e-01
2.046189759712486733e-01
2.050263596641263009e-01
2.054370340263786121e-01
2.058394159267500911e-01
2.062451796926343672e-01
2.066426327258404361e-01
2.070435580589723989e-01
2.074361528559764689e-01
2.078323078643273258e-01
2.082201109735741240e-01
2.086115611324442509e-01
2.089946387507367609e-01
2.093814520722372674e-01
2.097567793149575366e-01
2.101224535257798787e-01
2.104444928724081010e-01
2.107724805131404033e-01
2.110584949584281278e-01
2.113518310901917052e-01
2.115992431617680913e-01
2.118554589198383964e-01
2.120672533603199517e-01
2.122892361949723916e-01
2.124629513129234759e-01
2.126483555485400856e-01
2.127868417361039044e-01
2.129384281263324852e-01
2.130393581445704509e-01
2.131549073679008532e-01
2.132211961275740364e-01
2.133035316814232696e-01
2.133330984276780029e-01
2.133802397765641456e-01
2.133753785355272659e-01
2.133895486153853105e-01
2.133484964685809226e-01
2.133280202654913860e-01
2.132535957724799036e-01
2.132012019877669584e-01
2.130911291426629273e-01
2.130046486133914951e-01
2.128617490056595174e-01
2.127439142784297854e-01
2.125667896074919239e-01
2.124162750478873485e-01
2.122080364942912911e-01
2.120278494503656519e-01
2.117917810146401902e-01
2.115819643465050304e-01
2.113181510306634814e-01
2.110724605669173637e-01
2.107750058718019515e-01
2.104996735545487108e-01
2.101745183296820640e-01
2.098643545822810597e-01
2.095066110668999948e-01
2.091677099916569027e-01
2.087831747471580457e-01
2.084105041635565814e-01
2.079944413855120133e-01
2.075938365407933583e-01
2.071517885383440394e-01
2.067182598483484068e-01
2.062455313692111714e-01
2.057847138551323896e-01
2.052866524777252899e-01
2.047943286845848032e-01
2.042669577802391501e-01
2.037478438700009442e-01
2.031956525148924941e-01
2.026463258369940179e-01
2.020660696619833996e-01
2.014907275803447528e-01
2.008864116209489181e-01
2.002821455829190134e-01
1.996510142396301368e-01
1.990208295678743688e-01
1.983657513874483025e-01
1.977087370301844893e-01
1.970288411651685001e-01
1.963467163837593343e-01
1.956436571059769758e-01
1.949379712791128039e-01
1.942132138048835721e-01
1.934876443347164354e-01
1.927446832706683488e-01
1.920026174057942181e-01
1.912446839580639324e-01
1.904891994998487714e-01
1.897192254077696150e-01
1.889531047372304817e-01
1.881737270682028729e-01
1.873994695830104029e-01
1.866130677533050231e-01
1.858329288969334248e-01
1.850416442132101769e-01
1.842576505192319303e-01
1.834634058411935276e-01
1.826773758327268071e-01
1.818818954194773296e-01
1.810954574390147287e-01
1.803002837484056209e-01
1.795148926826806990e-01
1.787214022435911487e-01
1.779383529444296952e-01
1.771477678882888152e-01
1.763682103286461633e-01
1.755816169361567869e-01
1.748065702374117236e-01
1.740249286474967183e-01
1.732552915063978460e-01
1.724794467654840457e-01
1.717160081458097565e-01
1.709467005315609966e-01
1.701901494816757676e-01
1.694280239077281813e-01
1.686789585971012195e-01
1.679245732606647612e-01
1.671835092593976224e-01
1.664373435692355352e-01
1.657047214387364076e-01
1.649671832796525406e-01
1.642433755302672160e-01
1.635148081187328684e-01
1.628001256570030808e-01
1.620808134117437405e-01
1.613755120692694223e-01
1.606656862432532251e-01
1.599699696968999163e-01
1.592698131466920575e-01
1.585838408954771406e-01
1.578934941307921225e-01
1.572173849312126781e-01
1.565369495794726729e-01
1.558707852453345144e-01
1.552003278121741603e-01
1.545441561177000322e-01
1.538837105966271990e-01
1.532375505419394934e-01
1.525871239943504820e-01
1.519509671990604549e-01
1.513105405739071097e-01
1.506843557864414873e-01
1.500538890503577971e-01
1.494376244030308498e-01
1.488170574065371399e-01
1.482106423629134806e-01
1.475998975786604606e-01
1.470032453434888808e-01
1.464022299627178447e-01
1.458152395004311541e-01
1.452238473578394418e-01
1.446464051570404419e-01
1.440645183643380900e-01
1.434965001744178958e-01
1.429239908765354838e-01
1.423652632966109777e-01
1.418019952035184938e-01
1.412524171456011057e-01
1.406982469308265815e-01
1.401576710452825392e-01
1.396124496752859101e-01
1.390807237707486488e-01
1.385442979884512760e-01
1.380212654519326898e-01
1.374934775482581639e-01
1.369789780300249282e-01
1.364596665790458463e-01
1.359535365821112063e-01
1.354425378198393093e-01
1.349446120046803310e-01
1.344417606152085998e-01
1.339518725143133970e-01
1.334570023813827777e-01
1.329749850913059250e-01
1.324879299054647630e-01
1.320136166637786435e-01
1.315342104521610433e-01
1.310674352442854906e-01
1.305955126231428676e-01
1.301361101913551532e-01
1.296715074854262184e-01
1.292193144891404244e-01
1.287618697633767795e-01
1.283167247681137879e-01
1.278662777164394915e-01
1.274280211507827498e-01
1.269844134011947900e-01
1.265528878359868381e-01
1.261159640470763399e-01
1.256910152292715910e-01
1.252606218759726997e-01
1.248420975562342661e-01
1.244180835690696096e-01
1.240058340714324248e-01
1.235880511972444751e-01
1.231819297653749812e-01
1.227702327079013833e-01
1.223700956838967013e-01
1.219643422347647110e-01
1.215700491488790336e-01
1.211701002732786525e-01
1.207815139190971943e-01
1.203872338186824931e-01
1.200042203062595125e-01
1.196154764632896550e-01
1.192379052542247575e-01
1.188545684596723218e-01
1.184823123867850825e-01
1.181042567544640098e-01
1.177371920281030104e-01
1.173642949965175430e-01
1.170023011990914685e-01
1.166344435224514753e-01
1.162774035926500693e-01
1.159144693223797817e-01
1.155622695313769377e-01
1.152041459902890252e-01
1.148566759111371571e-01
1.145032536614201679e-01
1.141604061233870149e-01
1.138115789204936223e-01
1.134732499634043545e-01
1.131289147102289561e-01
1.127950035336477141e-01
1.124550602300370405e-01
1.121254691382228275e-01
1.117898208266528970e-01
1.114644551768608494e-01
1.111330078914954111e-01
1.108117760262407880e-01
1.104844387358127344e-01
1.101672519264547401e-01
1.098439364968435972e-01
1.095307089012606261e-01
1.092113299568344131e-01
1.089019784796635415e-01
1.085864533281446775e-01
1.082808975421721831e-01
1.079691462000256785e-01
1.076673083641874473e-01
1.073592534490668271e-01
1.070610583991358500e-01
1.067566249787998411e-01
1.064619999758866509e-01
1.061611156108925591e-01
1.058699903841601453e-01
1.055725851508705349e-01
1.052848919159765917e-01
1.049908982746725061e-01
1.047065711343053707e-01
1.044159232129881210e-01
1.041348987948253479e-01
1.038475333764520836e-01
1.035697504936461122e-01
1.032856065563242665e-01
1.030110061980721581e-01
1.027300250838966700e-01
1.024585505440072097e-01
1.021806753500030251e-01
1.019122716332886702e-01
1.016374472261452055e-01
1.013720610613156603e-01
1.011002340535778476e-01
1.008378138675201929e-01
1.005689325721536576e-01
1.003094282418612593e-01
1.000434422363921938e-01
9.978680486833721441e-02
9.952366483951521903e-02
9.926984698328458756e-02
9.900950513755787941e-02
9.875846048909209252e-02
9.850087061467005523e-02
9.825255493562748410e-02
9.799767306455059446e-02
9.775204378884561063e-02
9.749982723529007633e-02
9.725684303821838239e-02
9.700725067276047553e-02
9.676687184452123502e-02
9.651986400984721715e-02
9.628205204476697476e-02
9.603758966979694667e-02
9.580230673070999625e-02
9.556035146300362326e-02
9.532756013595072853e-02
9.508807409610844918e-02
9.485773804413022425e-02
9.462068505128468088e-02
9.439276957404782453e-02
9.415811553143396684e-02
9.393258693066269815e-02
9.370029736163151823e-02
9.347712227636909010e-02
9.324716394119056395e-02
9.302631004643177604e-02
9.279865047344454387e-02
9.258008623131472326e-02
9.235469400044873933e-02
9.213838888901440538e-02
9.191523334848172855e-02
9.170115725012828456e-02
9.148020811212023706e-02
9.126833150500215930e-02
9.104956022837379370e-02
9.083985526749119299e-02
9.062323395117363733e-02
9.041567339136719061e-02
9.020117487562369363e-02
8.999573211449872490e-02
8.978332947973696743e-02
8.957997836705221262e-02
8.936964611680429937e-02
8.916836027737770620e-02
8.896007117553086929e-02
8.876082444707149299e-02
8.855455314363150365e-02
8.835732051997015335e-02
8.815304238778287615e-02
8.795779948829415829e-02
8.775549021504444602e-02
8.756221292466460915e-02
8.736184873865690537e-02
8.717051344994818096e-02
8.697207068462863011e-02
8.678265404204149602e-02
8.658611017318294800e-02
8.639858953548967824e-02
8.620392228844903082e-02
8.601827591808262896e-02
8.582546449636192787e-02
8.564167071665870767e-02
8.545069312710561193e-02
8.526872990925900286e-02
8.507956410391713520e-02
8.489940937727538661e-02
8.471203353147117865e-02
8.453366534310047253e-02
8.434805787817843681e-02
8.417145496259784143e-02
8.398759596973189023e-02
8.381273781210908658e-02
8.363060656071388821e-02
8.345747233758715744e-02
8.327704871048324797e-02
8.310561798577889570e-02
8.292688249125057531e-02
8.275713541731267997e-02
8.258006944166790264e-02
8.241198731693855084e-02
8.223657245739504629e-02
8.207013591888984161e-02
8.189635278856338685e-02
8.173154295492049415e-02
8.155937402810786718e-02
8.139617229524917508e-02
8.122559946580093504e-02
8.106398729699579309e-02
8.089499267612740296e-02
8.073495174809544594e-02
8.056751802991567180e-02
8.040903067767761481e-02
8.024313983313551002e-02
8.008618804894990229e-02
7.992182396831383484e-02
7.976639124754614230e-02
7.960353900770113234e-02
7.944960918773132097e-02
7.928825297427265217e-02
7.913580990679831839e-02
7.897593403639842358e-02
7.882496186687845685e-02
7.866655149813255032e-02
7.851703459402412100e-02
7.836007476747587630e-02
7.821199756673744008e-02
7.805647329232399956e-02
7.790982039174874918e-02
7.775571701344277664e-02
7.761047306167119519e-02
7.745777577757115284e-02
7.731392527283380278e-02
7.716261917742457677e-02
7.702014692907126203e-02
7.687021770151546141e-02
7.672910890022688335e-02
7.658054266018288203e-02
7.644078289923897374e-02
7.629356605136154712e-02
7.615514077806474769e-02
7.600925870931474204e-02
7.587215315771711488e-02
7.572759233540364565e-02
7.559179251760497764e-02
7.544854015683628845e-02
7.531403294952349059e-02
7.517207704382977695e-02
7.503885016732288193e-02
7.489817962182508670e-02
7.476622020127256241e-02
7.462682150705807205e-02
7.449611626030097633e-02
7.435797684891372328e-02
7.422851272743616335e-02
7.409162024203699848e-02
7.396338440924049573e-02
7.382772666576299658e-02
7.370070646868101538e-02
7.356627125482974316e-02
7.344045401338800128e-02
7.330722881212953235e-02
7.318260158987130448e-02
7.305057426554585620e-02
7.292712453046486243e-02
7.279628315496070035e-02
7.267399831004114907e-02
7.254433065006654635e-02
7.242319804970585861e-02
7.229469204244778902e-02
7.217469934316234070e-02
7.204734333056168893e-02
7.192847849659091131e-02
7.180226105863615760e-02
7.168451230831399124e-02
7.155942221648110835e-02
7.144277797543693853e-02
7.131880435528863138e-02
7.120325409010332118e-02
7.108038716610549923e-02
7.096591955312313293e-02
7.084414746467342094e-02
7.073075118027981334e-02
7.061006320237929457e-02
7.049772698208420230e-02
7.037811162162406486e-02
7.026682315327090200e-02
7.014826756853663470e-02
7.003801419434102504e-02
6.992050623900260276e-02
6.981127561024390304e-02
6.969480276714910827e-02
6.958658200185113829e-02
6.947113168234719804e-02
6.936390822731054728e-02
6.924946818510123447e-02
6.914322940692207986e-02
6.902978724218276907e-02
6.892452071934260238e-02
6.881206475806103673e-02
6.870775874503048941e-02
6.859627685690451726e-02
6.849291879176001852e-02
6.838239962528774862e-02
6.827997815588411623e-02
6.817041018386824081e-02
6.806891335735390514e-02
6.796028432075293391e-02
6.785969933515109687e-02
6.775199568155318430e-02
6.765230941850199076e-02
6.754551822303800357e-02
6.744671826723881713e-02
6.734082762131880784e-02
6.724290059345310044e-02
6.713789653331356244e-02
6.704082907804649605e-02
6.693669781076555525e-02
6.684047603630823009e-02
6.673720416814681033e-02
6.664181476295480411e-02
6.653938768813014160e-02
6.644481566955402763e-02
6.634321936064908887e-02
6.624945082182071010e-02
6.614867199645445284e-02
6.605569347159441496e-02
6.595571763210948679e-02
6.586351461413354758e-02
6.576432683867212969e-02
6.567288474528065745e-02
6.557447092524340548e-02
6.548377511901383452e-02
6.538612054577420951e-02
6.529615613447189992e-02
6.519924549993028062e-02
6.510999848166573734e-02
6.501381802682806854e-02
6.492527359647115581e-02
6.482980755746703405e-02
6.474194950934662740e-02
6.464718191919105461e-02
6.455999345752358454e-02
6.446590840385092724e-02
6.437938036523047081e-02
6.428597070417320369e-02
6.420008406319330230e-02
6.410732667775070892e-02
6.402206533188235793e-02
6.400375810817517108e-02
6.399033533187360734e-02
6.400518039265551407e-02
6.402372037620038259e-02
6.410512507328697263e-02
6.418785889398070932e-02
6.431727332486206206e-02
6.444631014435026062e-02
6.463250783453340642e-02
6.481629802447287647e-02
6.505217732420581767e-02
6.528386070981019584e-02
6.556728198471596658e-02
6.584477518106413019e-02
6.617145446410906129e-02
6.649505140122057012e-02
6.686521840818072937e-02
6.724533817112626766e-02
6.766886703741216424e-02
6.809486863347241625e-02
6.856157880180258068e-02
6.904342412979758148e-02
6.956276032899423589e-02
7.008971367541584618e-02
7.065140869813742175e-02
7.123164522745030480e-02
7.184334244739738751e-02
7.246806381746741244e-02
7.312154364807763041e-02
7.379716984544384961e-02
7.449842079958034213e-02
7.521727514174431084e-02
7.595892279782867629e-02
7.672756551896246779e-02
7.751582205040020990e-02
7.832566723410801235e-02
7.915240438895838893e-02
8.000945482345510340e-02
8.087968641535238368e-02
8.177798919684313439e-02
8.268703731083978936e-02
8.362309468386505684e-02
8.456744361152722378e-02
8.553653013625911461e-02
8.651142347878786054e-02
8.750900643527620426e-02
8.851009229469454509e-02
8.953201229468782385e-02
9.055533733391930851e-02
9.159781678820438922e-02
9.263975635732296654e-02
9.369933677137620709e-02
9.475658519123500434e-02
9.583011342570446622e-02
9.689966008400241471e-02
9.798426896566100885e-02
9.906337722025998493e-02
1.001564591160731821e-01
1.012426419607659611e-01
1.023418267155896400e-01
1.034328248759432134e-01
1.045359614784761026e-01
1.056297271922890801e-01
1.067348691096182134e-01
1.078295535840463615e-01
1.089349416643608515e-01
1.100288717326843579e-01
1.111329158973246856e-01
1.122245826081511022e-01
1.133258498889190002e-01
1.144138952973291767e-01
1.155110955646798665e-01
1.165942989641738647e-01
1.176862763173872339e-01
1.187635455911267013e-01
1.198492638302699198e-01
1.209196218650755716e-01
1.219981559394869575e-01
1.230607329646835613e-01
1.241312598184586002e-01
1.251852831883801254e-01
1.262470727316946373e-01
1.272918590757875223e-01
1.283442662582160165e-01
1.293792136759109035e-01
1.304216710433182824e-01
1.314462518513230538e-01
1.324782625507383571e-01
1.334920165077944643e-01
1.345131478509472289e-01
1.355156760711224428e-01
1.365255543920013137e-01
1.375165169078622907e-01
1.385148238080417815e-01
1.394939306982647398e-01
1.404803955175402685e-01
1.414474042748136429e-01
1.424218018087368698e-01
1.433765114403059149e-01
1.443386557093266076e-01
1.452809041513023758e-01
1.462306456411708588e-01
1.471603047324188396e-01
1.480975266964999759e-01
1.490145002810405461e-01
1.499391167471336994e-01
1.508433381725012568e-01
1.517552909046240017e-01
1.526467217418452094e-01
1.535459772427913983e-01
1.544245984598369981e-01
1.553111446974960730e-01
1.561769608167361545e-01
1.570508059771959508e-01
1.579038396939247690e-01
1.587650100956886912e-01
1.596052991428360546e-01
1.604538351450275069e-01
1.612814331497984810e-01
1.621173889970864979e-01
1.629323610901727559e-01
1.637558046013966595e-01
1.645582313692949272e-01
1.653692422605451406e-01
1.661592132569221780e-01
1.669578809218446869e-01
1.677354954913111429e-01
1.685219170179968196e-01
1.692872779244445347e-01
1.700615560281256156e-01
1.708147744280319735e-01
1.715770191623937624e-01
1.723182133492985602e-01
1.730685400613961311e-01
1.737978318691865975e-01
1.745363598953890982e-01
1.752538740781141025e-01
1.759807253254080939e-01
1.766865897082613712e-01
1.774018896248711064e-01
1.780962375904377171e-01
1.788001147748800590e-01
1.794830783584036860e-01
1.801756632503180577e-01
1.808473786002299244e-01
1.815288032321875356e-01
1.821894065382242411e-01
1.828598037991281400e-01
1.835094320142569013e-01
1.841689351911414696e-01
1.848077254750044029e-01
1.854564684217196724e-01
1.860845587042449234e-01
1.867226740090318360e-01
1.873401982262055399e-01
1.879678183150438608e-01
1.885749120036305515e-01
1.891921684655645530e-01
1.897889678409374337e-01
1.903959932103812813e-01
1.909826342333491855e-01
1.915795608785930970e-01
1.921561791745660108e-01
1.927431379011630141e-01
1.933098646271606547e-01
1.938869842108831565e-01
1.944439510294880269e-01
1.950113598635745404e-01
1.955586976479369299e-01
1.961165234825758275e-01
1.966543615138914292e-01
1.972027295986837903e-01
1.977311934067109700e-01
1.982702269723126964e-01
1.987894422354781199e-01
1.993192640627761136e-01
1.998293555509206010e-01
2.003500875730029329e-01
2.008511793782569166e-01
2.013629428753823392e-01
2.018551566824477173e-01
2.023580698350562201e-01
2.028415223087431385e-01
2.033356992115045170e-01
2.038105056139438709e-01
2.042960598521427473e-01
2.047623354473165624e-01
2.052393804088402385e-01
2.056972406902690953e-01
2.061658891804502014e-01
2.066154464462728046e-01
2.070758096007766225e-01
2.075171774761612742e-01
2.079693672533406701e-01
2.084026585867685410e-01
2.088467847232441110e-01
2.092721083488010836e-01
2.097082795792073184e-01
2.101257462192080150e-01
2.105540712253341495e-01
2.109637896468077589e-01
2.113843749359027024e-01
2.117864510267263023e-01
2.121994035507133169e-01
2.125939456576743380e-01
2.129993725368411750e-01
2.133864897900796254e-01
2.137844974471102555e-01
2.141642934550466448e-01
2.145549852550202863e-01
2.149275628579507824e-01
2.153110419049762136e-01
2.156765056912337553e-01
2.160528753804585311e-01
2.164113283672062793e-01
2.167806911200529374e-01
2.171322352025336078e-01
2.174946927259981955e-01
2.178394290217393614e-01
2.181950828942246234e-01
2.185331130542326195e-01
2.188820642507031677e-01
2.192134886409053407e-01
2.195558373605026592e-01
2.198807555562448113e-01
2.202166021703613752e-01
2.205351147028651870e-01
2.208645595451245724e-01
2.211767651983092553e-01
2.214999081168286255e-01
2.218059061915229613e-01
2.221228462948746651e-01
2.224227359650238212e-01
2.227335730504537148e-01
2.230274532546575039e-01
2.233322873741573900e-01
2.236202576286609456e-01
2.239191886341622140e-01
2.242013471140697489e-01
2.244944741853900916e-01
2.247709199588369677e-01
2.250583435980987868e-01
2.253291765401768676e-01
2.256109959303967405e-01
2.258763124605748795e-01
2.261526268140102158e-01
2.264125267379079043e-01
2.266834362833888838e-01
2.269380187947123151e-01
2.272036231126999817e-01
2.274529861076420301e-01
2.277133856227786524e-01
2.279576293167013823e-01
2.282129249760515566e-01
2.284521489067560807e-01
2.287024410674649011e-01
2.289367438151421186e-01
2.291821327265488595e-01
2.294116130327171765e-01
2.296521988956340965e-01
2.298769554686234118e-01
2.301128384321323161e-01
2.303329710481974990e-01
2.305642530296554971e-01
2.307798635265995157e-01
2.310066474882924159e-01
2.312178375269174913e-01
2.314402261150667051e-01
2.316470963664979399e-01
2.318651918180590910e-01
2.320678431075066661e-01
2.322817478516246426e-01
2.324802810560649413e-01
2.326900975772914770e-01
2.328846137711194086e-01
2.330904445049193918e-01
2.332810446014553785e-01
2.334829923827519416e-01
2.336697782365118603e-01
2.338679465654573963e-01
2.340510205361001628e-01
2.342455133441556647e-01
2.344249780911983883e-01
2.346158996004267805e-01
2.347918584272405962e-01
2.349793134828896402e-01
2.351518696964193800e-01
2.353359631604556301e-01
2.355052200694601194e-01
2.356860567771295600e-01
2.358521178194170620e-01
2.360298027119414610e-01
2.361927714711629656e-01
2.363674096113908552e-01
2.365273898017504761e-01
2.366990863543442791e-01
2.368561817913011902e-01
2.370250419902326100e-01
2.371793565555708749e-01
2.373454856659822920e-01
2.374971232691106549e-01
2.376606265455182276e-01
2.378096910814325726e-01
2.379706737227585966e-01
2.381172690268234526e-01
2.382758361283809356e-01
2.384200659278208345e-01
2.385763224302228092e-01
2.387182902922325711e-01
2.388723409270898657e-01
2.390121502032925282e-01
2.391640994354722882e-01
2.393018532025847911e-01
2.394518051688711013e-01
2.395876061656984080e-01
2.397356646099846333e-01
2.398696151710146274e-01
2.400158833763190169e-01
2.401480853625441725e-01
2.402926660804012293e-01
2.404232208077604072e-01
2.405662161854896230e-01
2.406952243514534628e-01
2.408367358577760409e-01
2.409642974664678583e-01
2.411044258158613340e-01
2.412306401018395885e-01
2.413694851762395732e-01
2.414944505243136752e-01
2.416321112934017301e-01
2.417559251586915425e-01
2.418924996017419171e-01
2.420152584328225664e-01
2.421508434608171112e-01
2.422726426201833871e-01
2.424073339977938502e-01
2.425282672633973235e-01
2.426621591333808503e-01
2.427823192131449703e-01
2.429155046115946681e-01
2.430349831844796915e-01
2.431675543621258928e-01
2.432864424885319843e-01
2.434184904327582610e-01
2.435368773249559360e-01
2.436684913829611498e-01
2.437864647050062561e-01
2.439177326390371547e-01
2.440353784979290008e-01
2.441663864463989309e-01
2.442837892860622584e-01
2.444146215714633752e-01
2.445318635180048772e-01
2.446626017027463407e-01
2.447797618438284362e-01
2.449104847911763860e-01
2.450276399773321234e-01
2.451584250148106658e-01
2.452756513476649913e-01
2.454065743659715748e-01
2.455239460919014238e-01
2.456550811508290688e-01
2.457726709970856072e-01
2.459040910798819812e-01
2.460219716639267529e-01
2.461537483933323722e-01
2.462719884690535710e-01
2.464041899355962628e-01
2.465228546238694141e-01
2.466555460735355143e-01
2.467746987178760509e-01
2.469079441725517410e-01
2.470276482455066591e-01
2.471615097952438167e-01
2.472818244020312806e-01
2.474163610006531733e-01
2.475373434745997692e-01
2.476726114183942506e-01
2.477943145054126162e-01
2.479303679094499446e-01
2.480528454037643771e-01
2.481897363860247063e-01
2.483130377949046563e-01
2.484508152671609515e-01
2.485749875178338564e-01
2.487136985567819925e-01
2.488387859723729667e-01
2.489784746959111672e-01
2.491045196851818799e-01
2.492452280956313770e-01
2.493722713146431791e-01
2.495140401884824999e-01
2.496421207221614091e-01
2.497849885532075209e-01
2.499141423467053924e-01
2.500581455521699858e-01
2.501884065225837839e-01
2.503335775784576445e-01
2.504649754140082507e-01
2.506113438987699893e-01
2.507439065135577128e-01
2.508915005832028644e-01
2.510252542639607731e-01
2.511741001863733169e-01
2.513090689900130403e-01
2.514591906409728850e-01
2.515953961082980639e-01
2.517468152313882546e-01
2.518842770817572574e-01
2.520370134005983642e-01
2.521757491541502527e-01
2.523298196946356375e-01
2.524698438836741055e-01
2.526252634697617183e-01
2.527665888062478605e-01
2.529233696486851146e-01
2.530660055646898332e-01
2.532241573157070769e-01
2.533681108710520991e-01
2.535276412716670480e-01
2.536729190382695509e-01
2.538338350974220781e-01
2.539804416458316116e-01
2.541427478482702340e-01
2.542906851805133983e-01
2.544543841343092083e-01
2.546036528583217051e-01
2.547687452313553425e-01
2.549193447969156923e-01
2.550858297822630738e-01
2.552377565130132808e-01
2.554056311935924417e-01
2.555588789114748849e-01
2.557281374889642800e-01
2.558826976750303017e-01
2.560533320177226790e-01
2.562091953715889270e-01
2.563811968395872665e-01
2.565383523099394880e-01
2.567117108808241732e-01
2.568701457282046574e-01
2.570448490663397312e-01
2.572045496771615536e-01
2.573805846669914854e-01
2.575415377150513385e-01
2.577188915698371274e-01
2.578810820663182679e-01
2.580597405425122393e-01
2.582231516955156847e-01
2.584030979578246234e-01
2.585677087087106529e-01
2.587489229041839423e-01
2.589147120404514113e-01
2.590971733743032135e-01
2.592641178244659561e-01
2.594478042482984970e-01
2.596158788679178153e-01
2.598007660220159609e-01
2.599699449385399208e-01
2.601560076085243089e-01
2.603262630120369847e-01
2.605134742158024541e-01
2.606847761832225552e-01
2.608731068355646388e-01
2.610454248768306340e-01
2.612348455084860244e-01
2.614081487337642229e-01
2.615986288498686752e-01
2.617728846793146436e-01
2.619643930834500423e-01
2.621395689289361397e-01
2.623320726745985154e-01
2.625081313305305253e-01
2.627015938200629730e-01
2.628784961327880199e-01
2.630728808409421582e-01
2.632505899501365043e-01
2.634458589915764093e-01
2.636243353461985017e-01
2.638204513047063271e-01
2.639996542907634969e-01
2.641965773299302933e-01
2.643764695844549872e-01
2.645741632529102771e-01
2.647547040119602180e-01
2.649531276428098714e-01
2.651342735930806715e-01
2.653333848677562612e-01
2.655150897450651026e-01
2.657148402071362048e-01
2.658970357120200023e-01
2.660973593354687416e-01
2.662330863652311308e-01
2.663887765254676632e-01
2.664963554515805133e-01
2.666250402342396075e-01
2.666863140989161329e-01
2.667705494265948385e-01
2.668049719882507054e-01
2.668634908171620967e-01
2.668517980987787919e-01
2.668660255683097948e-01
2.668289171357516865e-01
2.668188387141571249e-01
2.667362986514301149e-01
2.666826195803071453e-01
2.665734605696490900e-01
2.664943324971836836e-01
2.663436258039058591e-01
2.662246637234556568e-01
2.660460550549181291e-01
2.659003949417423351e-01
2.656816821011302454e-01
2.654976036360281455e-01
2.652517232007118309e-01
2.650416738392139537e-01
2.647566179232489492e-01
2.645090599331072490e-01
2.641975238495090084e-01
2.639246788273605371e-01
2.635746338812780531e-01
2.632649164167451539e-01
2.628901047607384300e-01
2.625567644766540476e-01
2.621436853515377585e-01
2.617737279072929191e-01
2.613368212035592220e-01
2.609441825215962352e-01
2.604705665957159910e-01
2.600428209961168635e-01
2.595465679971623585e-01
2.590972878892659481e-01
2.585641522871890974e-01
2.580796487070799450e-01
2.575254911715212369e-01
2.570210153992121827e-01
2.564342536780364612e-01
2.558986737609167950e-01
2.552854696529145984e-01
2.547247199196735479e-01
2.540872974079213531e-01
2.535035275401747445e-01
2.528456173481551383e-01
2.522366113632641405e-01
2.515561371917157674e-01
2.509184050813008104e-01
2.502121082532735574e-01
2.495503949618140815e-01
2.488227648635807365e-01
2.481332417157152692e-01
2.473807681311782081e-01
2.466677597814601608e-01
2.458943085253573746e-01
2.451548362324826313e-01
2.443577168240446684e-01
2.435957861851933970e-01
2.427788355086912264e-01
2.419916405100993595e-01
2.411521038897119218e-01
2.403445725880668515e-01
2.394871448176725259e-01
2.386557166120880646e-01
2.377770432217560792e-01
2.369257967292709433e-01
2.360297120289419071e-01
2.351561372394737059e-01
2.342402601433699605e-01
2.333475181543254728e-01
2.324148329192226026e-01
2.315015067443371155e-01
2.305506715604353496e-01
2.296197417079559600e-01
2.286535485960711767e-01
2.277032153683456461e-01
2.267199657064625229e-01
2.257527375605269948e-01
2.247547681354619131e-01
2.237699342083923626e-01
2.227568442527935177e-01
2.217558565440842511e-01
2.207287277400635794e-01
2.197155773616892294e-01
2.186779105327505413e-01
2.176559538795536652e-01
2.166111767610445216e-01
2.155835713771955542e-01
2.145346668045627903e-01
2.135042467622848550e-01
2.124538917268024851e-01
2.114231736207445589e-01
2.103737194663677090e-01
2.093449090394725876e-01
2.082984368786885143e-01
2.072734783902148714e-01
2.062318116118461997e-01
2.052124109464760759e-01
2.041771484045957208e-01
2.031647878106698502e-01
2.021373138331137853e-01
2.011332834508110234e-01
2.001148017802398260e-01
1.991202146076987700e-01
1.981117580238059839e-01
1.971275671804870733e-01
1.961300201428337331e-01
1.951570391793469583e-01
1.941711498958904325e-01
1.932100620639091160e-01
1.922364614286860562e-01
1.912878374588048713e-01
1.903270465523080046e-01
1.893913532612122586e-01
1.884437966668846276e-01
1.875214147986713487e-01
1.865874351635913309e-01
1.856786640936897992e-01
1.847585269080355974e-01
1.838635938214527588e-01
1.829574965251707930e-01
1.820765649694283950e-01
1.811846462648211420e-01
1.803178206578165688e-01
1.794401588264670222e-01
1.785874952012561356e-01
1.777241268334943392e-01
1.768856413946130746e-01
1.760365675199669910e-01
1.752122348492543280e-01
1.743774149342835200e-01
1.735671775284990115e-01
1.727465416363335726e-01
1.719503155980234288e-01
1.711437690725397531e-01
1.703614442487405289e-01
1.695688679338972493e-01
1.688003137950690180e-01
1.680215695875055537e-01
1.672666378317143321e-01
1.665015728303283760e-01
1.657601045136376516e-01
1.650085556642766904e-01
1.642803758496889643e-01
1.635421615591476641e-01
1.628270866250145776e-01
1.621020199228218051e-01
1.613998554919758022e-01
1.606877372536001380e-01
1.599982820025316888e-01
1.592989075766914620e-01
1.586219551818454088e-01
1.579351153871563496e-01
1.572704535952212657e-01
1.565959321438447349e-01
1.559433443405023600e-01
1.552809229535859203e-01
1.546401910125330681e-01
1.539896498084608323e-01
1.533605538448694072e-01
1.527216714195168135e-01
1.521039909918151800e-01
1.514765432023155445e-01
1.508700582377253685e-01
1.502538248861013392e-01
1.496583139942469221e-01
1.490530694144957535e-01
1.484683105695868144e-01
1.478738306038542838e-01
1.472996031934396266e-01
1.467156652355963153e-01
1.461517494449446897e-01
1.455781311031675851e-01
1.450243077247870271e-01
1.444607876353751208e-01
1.439168391313072892e-01
1.433631965039056377e-01
1.428289062468458548e-01
1.422849227679004458e-01
1.417600765896467607e-01
1.412255378186706711e-01
1.407099257841043505e-01
1.401846204658291073e-01
1.396780356595919148e-01
1.391617560973321399e-01
1.386639953590146079e-01
1.381565368526480042e-01
1.376674000702440281e-01
1.371685610734812710e-01
1.366878509359647220e-01
1.361974328165415082e-01
1.357249557331386136e-01
1.352427638772693286e-01
1.347783298347521863e-01
1.343041726846891104e-01
1.338475947420320888e-01
1.333812839641644044e-01
1.329323784147901366e-01
1.324737291406216655e-01
1.320323157892769328e-01
1.315811469051730576e-01
1.311470492174870439e-01
1.307031834097102108e-01
1.302762286101200873e-01
1.298394924040656706e-01
1.294195115039537269e-01
1.289897352756180227e-01
1.285765630759664047e-01
1.281535810561419686e-01
1.277470561441019781e-01
1.273307064057283000e-01
1.269306711355722705e-01
1.265207955691240449e-01
1.261270960321424495e-01
1.257235403155812226e-01
1.253360263051233880e-01
1.249386398752655725e-01
1.245571648538606746e-01
1.241658008706476579e-01
1.237902219298558648e-01
1.234047372269221343e-01
1.230349150341493725e-01
1.226551700660158672e-01
1.222909688085116187e-01
1.219168275950653635e-01
1.215581149217036250e-01
1.211894449906549542e-01
1.208360919521853094e-01
1.204727642803783694e-01
1.201246452626990868e-01
1.197665342041762393e-01
1.194235268668708827e-01
1.190705101001290345e-01
1.187324953212496037e-01
1.183844538027949145e-01
1.180513156274596576e-01
1.177081335457202393e-01
1.173797591405148777e-01
1.170413238792711308e-01
1.167176034961626974e-01
1.163838056126537956e-01
1.160646325680154134e-01
1.157353658393079632e-01
1.154206365615751129e-01
1.150957981558173582e-01
1.147854123614859279e-01
1.144649022499418800e-01
1.141587623002242313e-01
1.138424823520562956e-01
1.135404924721096220e-01
1.132283476083159879e-01
1.129304149109107702e-01
1.126223125495513788e-01
1.123283465784030433e-01
1.120241974574827937e-01
1.117341109581516112e-01
1.114338278884996758e-01
1.111475355175400581e-01
1.108510320375433178e-01
1.105684491609143227e-01
1.102756424505407229e-01
1.099966879779386564e-01
1.097074974100820943e-01
1.094320923171167026e-01
1.091464395477483862e-01
1.088745070131703629e-01
1.085923145550295177e-01
1.083237784757713762e-01
1.080449701945183916e-01
1.077797557469500067e-01
1.075042574396669337e-01
1.072422916844635310e-01
1.069700316882833957e-01
1.067112441301651948e-01
1.064421527242360721e-01
1.061864747029704348e-01
1.059204835572150338e-01
1.056678477435029073e-01
1.054048906861475288e-01
1.051552318173828993e-01
1.048952444966767816e-01
1.046484990578382956e-01
1.043914189964162409e-01
1.041475252756994541e-01
1.038932919168160385e-01
1.036521900472701097e-01
1.034007443953524341e-01
1.031623761532513561e-01
1.029136617278073318e-01
1.026779710961029379e-01
1.024319340177242410e-01
1.021988676395793327e-01
1.019554555762496872e-01
1.017249615702513765e-01
1.014841233903756024e-01
1.012561510018413768e-01
1.010178368062689958e-01
1.007923370750967440e-01
1.005564990978864981e-01
1.003334238743102125e-01
1.001000150353270612e-01
9.987931752254991524e-02
9.964829219420370809e-02
9.942992700567976350e-02
9.920124105715297236e-02
9.898516425020995047e-02
9.875877504700392162e-02
9.854494411878567117e-02
9.832081048812438273e-02
9.810918436079996141e-02
9.788726656231877543e-02
9.767780554629468259e-02
9.745806522576108688e-02
9.725073099530451293e-02
9.703313115781042608e-02
9.682788672335623792e-02
9.661239173113086998e-02
9.640920144353173904e-02
9.619577707042398229e-02
9.599460667282960769e-02
9.578322010011225407e-02
9.558403672362666970e-02
9.537465540462061742e-02
9.517742639396470361e-02
9.497001841426697122e-02
9.477471174891929917e-02
9.456924617060252780e-02
9.437583081848524569e-02
9.417227821216700434e-02
9.398072462291731655e-02
9.377905682490803030e-02
9.358933670594271614e-02
9.338952684010742855e-02
9.320161318184402854e-02
9.300363585605744832e-02
9.281750311389558306e-02
9.262133405419592513e-02
9.243695783225100437e-02
9.224257447478328986e-02
9.205993207383059151e-02
9.186731298493991393e-02
9.168638281701607662e-02
9.149550683620943925e-02
9.131626755230379255e-02
9.112711388200314677e-02
9.094954454867348881e-02
9.076209349334424248e-02
9.058617428836647500e-02
9.040040793365697325e-02
9.022612097581848845e-02
9.004202280012832404e-02
8.986935140199907301e-02
8.968690543606516741e-02
8.951583348096504855e-02
8.933502404496720950e-02
8.916553576900852762e-02
8.898634646102887569e-02
8.881842467963405041e-02
8.864083904397651592e-02
8.847446779543030604e-02
8.829847025256769288e-02
8.813363386195625926e-02
8.795920963220130173e-02
8.779589314639124620e-02
8.762302805130160743e-02
8.746121727702396709e-02
8.728989734298854553e-02
8.712957828804671068e-02
8.695978971580894945e-02
8.680094855498531048e-02
8.663267768585979078e-02
8.647530074922812893e-02
8.630853405923097355e-02
8.615260782616365742e-02
8.598733193439614397e-02
8.583284304018931610e-02
8.566904474260464419e-02
8.551598002211910354e-02
8.535364640872630804e-02
8.520199301105800538e-02
8.504111146572738977e-02
8.489085683574697228e-02
8.473141458171831730e-02
8.458254601013966145e-02
8.442453019453770302e-02
8.427703493343394192e-02
8.412043272830618812e-02
8.397429806096025351e-02
8.381909667016380905e-02
8.367430992804673895e-02
8.352049656752823237e-02
8.337704510872097352e-02
8.322460696165280558e-02
8.308247812436775348e-02
8.293140228512316248e-02
8.279058332584848801e-02
8.264085673395764331e-02
8.250133474960315294e-02
8.235294409760013368e-02
8.221470595042552898e-02
8.206763762764707204e-02
8.193066988961963948e-02
8.178490994718519425e-02
8.164919887034538526e-02
8.150473305186058115e-02
8.137026459104118592e-02
8.122707833804596045e-02
8.109383817269649741e-02
8.095191742834596804e-02
8.081989174786055607e-02
8.067921953234563626e-02
8.054839170193293929e-02
8.040895267266479074e-02
8.027930752087639177e-02
8.014108527964525219e-02
8.001260652651014105e-02
7.987558480045940656e-02
7.974825645456876111e-02
7.961241861310137946e-02
7.948622414892454746e-02
7.935155314444460040e-02
7.922647579101996240e-02
7.909295398457510951e-02
7.896897668443481066e-02
7.883658610954576151e-02
7.871369142784521988e-02
7.858241495984316649e-02
7.846058641292781577e-02
7.833040685261076497e-02
7.820962635594029544e-02
7.808052486465022479e-02
7.796077484348304387e-02
7.783273294886307314e-02
7.771399486118611699e-02
7.758699402371468934e-02
7.746924907603228161e-02
7.734326928733741002e-02
7.722649797320793597e-02
7.710152071197022561e-02
7.698570392189178768e-02
7.686170847488692226e-02
7.674683241722771165e-02
7.663478759304462318e-02
7.653562741954045290e-02
7.649714919063159424e-02
7.646468009020626622e-02
7.648605725125126598e-02
7.651126560765217355e-02
7.658098738036667186e-02
7.665276988348448950e-02
7.677695338621927379e-02
7.690119519872362641e-02
7.707519419568716057e-02
7.724741305204559094e-02
7.746686565529611879e-02
7.768284759275470575e-02
7.794380046979483556e-02
7.821641452444459686e-02
7.853100980586623370e-02
7.885280670326544339e-02
7.921390043334763931e-02
7.958941029589444716e-02
8.000127211940176453e-02
8.042696474627245018e-02
8.088618643557254906e-02
8.136353069240816194e-02
8.187143312747743873e-02
8.239754261257688228e-02
8.295139912141079319e-02
8.352873974799604473e-02
8.413081374570574589e-02
8.475488193940207415e-02
8.540088762854025628e-02
8.607261903463873931e-02
8.676339064945297330e-02
8.748207345544105340e-02
8.821689489373379933e-02
8.898146643037209425e-02
8.975929132116146347e-02
9.056777485973202535e-02
9.138669185161121811e-02
9.223422866991076718e-02
9.308959600868632611e-02
9.397136376756232146e-02
9.485855224594300084e-02
9.577012738072224196e-02
9.668489039211400349e-02
9.762221041330218507e-02
9.856067195988715834e-02
9.952003981282875333e-02
1.004786470227219397e-01
1.014566743357616097e-01
1.024321867034036770e-01
1.034257710349599790e-01
1.044152223685217984e-01
1.054215387602416565e-01
1.064222332256179737e-01
1.074387079266829192e-01
1.084481857585979092e-01
1.094724721402427492e-01
1.104884935661832046e-01
1.115184573083679576e-01
1.125389862215188941e-01
1.135726867720737721e-01
1.145958751954402610e-01
1.156315523025771008e-01
1.166557244985998998e-01
1.176917828247758258e-01
1.187154216732510537e-01
1.197504176367884532e-01
1.207721519852508196e-01
1.218047815565038994e-01
1.228233744276178985e-01
1.238524617884049217e-01
1.248667994629492073e-01
1.258912865583445839e-01
1.269003685277703686e-01
1.279193054562949017e-01
1.289222351700624047e-01
1.299347711457199961e-01
1.309307472690198204e-01
1.319361223886612311e-01
1.329244310270610019e-01
1.339219689818907100e-01
1.349019766190802383e-01
1.358910778875734859e-01
1.368622247258932112e-01
1.378423601321098479e-01
1.388041538077210979e-01
1.397748584429403529e-01
1.407268681787373077e-01
1.416877357973095886e-01
1.426295870487432060e-01
1.435802649076454163e-01
1.445116344119777296e-01
1.454518185646072326e-01
1.463724297018973164e-01
1.473018605716098217e-01
1.482114787556053637e-01
1.491299367447990465e-01
1.500283652875919471e-01
1.509356668475536067e-01
1.518227454374856955e-01
1.527187416460919211e-01
1.535943431628266076e-01
1.544789166928884905e-01
1.553429441333189220e-01
1.562160061513125642e-01
1.570683877458779465e-01
1.579298737551387555e-01
1.587705603694972434e-01
1.596204268464090636e-01
1.604493909536820195e-01
1.612876156496016178e-01
1.621048502824856408e-01
1.629314294330613533e-01
1.637369440912984364e-01
1.645518902164189445e-01
1.653457099925056961e-01
1.661490496276736006e-01
1.669312122023120237e-01
1.677229847609328639e-01
1.684935402018460926e-01
1.692737954030821557e-01
1.700328023727684101e-01
1.708016009290102277e-01
1.715491330371286260e-01
1.723065448002216171e-01
1.730426775005785012e-01
1.737887798918530680e-01
1.745136003169686645e-01
1.752484781658439073e-01
1.759620791950447516e-01
1.766858235287325773e-01
1.773883046264315144e-01
1.781010130622541210e-01
1.787924783114218930e-01
1.794942518765796635e-01
1.801748068769475908e-01
1.808657487836350386e-01
1.815355030634187017e-01
1.822157208879080781e-01
1.828747868350614758e-01
1.835443895619415511e-01
1.841928812928359249e-01
