4.519390938926685086e-01
4.519188109916986162e-01
4.519651245335483125e-01
4.519617949347852770e-01
4.519761465304328318e-01
4.519346144919681452e-01
4.519188020851966359e-01
4.518457599120513923e-01
4.518024479863556042e-01
4.517012519787625968e-01
4.516333571024752080e-01
4.515069360411811394e-01
4.514172316644268768e-01
4.512683210276858814e-01
4.511594216212786446e-01
4.509906189245095898e-01
4.508649764641458058e-01
4.506787003313260098e-01
4.505386257445140319e-01
4.503371709861776484e-01
4.501848405093151206e-01
4.499703509263726642e-01
4.498078067299687843e-01
4.495823056726163669e-01
4.494114662884615696e-01
4.491768445538106835e-01
4.489995241105326218e-01
4.487575792239126837e-01
4.485754711819310292e-01
4.483278783933893341e-01
4.481425737070263704e-01
4.478908997944247572e-01
4.477038859086924227e-01
4.474496077241133518e-01
4.472622684737818100e-01
4.470067505212249603e-01
4.468203924633929458e-01
4.465649313138173593e-01
4.463807668235330595e-01
4.461265632439849194e-01
4.459457409454382626e-01
4.456939322328904995e-01
4.455175007860525671e-01
4.452691303760789032e-01
4.450980708527577656e-01
4.448541206159457584e-01
4.446893420347455272e-01
4.444507108976062382e-01
4.442930592120210020e-01
4.440605906473968911e-01
4.439108572413015819e-01
4.436853381803509966e-01
4.435442291636552126e-01
4.433263739739281561e-01
4.431945477668488564e-01
4.429850125333518185e-01
4.428630605557869471e-01
4.426624378992758402e-01
4.425509357278006872e-01
4.423598092541637938e-01
4.422592505960191156e-01
4.420781186968197884e-01
4.419889655865596456e-01
4.418183013374052948e-01
4.417409497310390010e-01
4.415811525523689607e-01
4.415159786131738762e-01
4.413674388917891434e-01
4.413147702098335623e-01
4.411778255046960862e-01
4.411379417594205599e-01
4.410128841358845753e-01
4.409860362234968578e-01
4.408731281569990834e-01
4.408595390926743907e-01
4.407590217856321435e-01
4.407588635480341743e-01
4.406709241537474786e-01
4.406843384294809041e-01
4.406091366849737012e-01
4.406362301822452365e-01
4.405738868285945520e-01
4.406147555182765019e-01
4.405653871280798550e-01
4.406200859135375736e-01
4.405837660819833523e-01
4.406523273160084520e-01
4.406291060995553011e-01
4.407115494123413080e-01
4.407014675004337079e-01
4.407977978871060465e-01
4.408008845985804669e-01
4.409110605918616366e-01
4.409272996705957404e-01
4.410512441110473469e-01
4.410805782795472196e-01
4.412182073617013645e-01
4.412605762489796302e-01
4.414118027667930377e-01
4.414671436170285457e-01
4.416318711487940973e-01
4.417001125211649226e-01
4.418781983501766097e-01
4.419592218399383543e-01
4.421505280438324248e-01
4.422442283358770654e-01
4.424485839406041565e-01
4.425548139940365111e-01
4.427720239346654152e-01
4.428906153264580148e-01
4.431204901165144983e-01
4.432512817024614193e-01
4.434936078037633456e-01
4.436364165884655320e-01
4.438909735886474861e-01
4.440456028021589341e-01
4.443121638341385182e-01
4.444784191977471099e-01
4.447567401575217572e-01
4.449344109533465152e-01
4.452242307713159541e-01
4.454130827236990053e-01
4.457141208174249525e-01
4.459139024518999350e-01
4.462258856208117797e-01
4.464363530735204755e-01
4.467590079900947697e-01
4.469799184062017705e-01
4.473129502726784779e-01
4.475440392271611834e-01
4.478871507541818398e-01
4.481281496020967370e-01
4.484810456347755325e-01
4.487316947840735426e-01
4.490940553478102726e-01
4.493540582901732749e-01
4.497255687326470741e-01
4.499946514073201453e-01
4.503749863361329320e-01
4.506528509542380156e-01
4.510416716102573775e-01
4.513280118452828171e-01
4.517249754345483148e-01
4.520194788955603782e-01
4.524242424430209297e-01
4.527265953044332658e-01
4.531388093399293382e-01
4.534486902316959833e-01
4.538680107765454275e-01
4.541851108336049103e-01
4.546111810077094195e-01
4.549351731148347233e-01
4.553676371699832970e-01
4.556982028650560790e-01
4.561366959795852827e-01
4.564734948998502850e-01
4.569176518086111027e-01
4.572603538385363597e-01
4.577098029705490290e-01
4.580580640192188357e-01
4.585124216144261244e-01
4.588658904046848397e-01
4.593247910902424347e-01
4.596831258978619772e-01
4.601461999170295969e-01
4.605090652359702941e-01
4.609759444530672212e-01
4.613430060114539488e-01
4.618133047729875429e-01
4.621842052463264738e-01
4.626575303979121867e-01
4.630319071666063602e-01
4.635078766642820591e-01
4.638853735129029321e-01
4.643635961880142049e-01
4.647438527094073235e-01
4.652239451545191473e-01
4.656065967405710881e-01
4.660881905891571808e-01
4.664729059764565200e-01
4.669556314016699572e-01
4.673420647328789812e-01
4.678255408328297893e-01
4.682133360330746896e-01
4.686971891214538610e-01
4.690860005693542334e-01
4.695698572178758079e-01
4.699593237898550546e-01
4.704427839985055870e-01
4.708325590149520234e-01
4.713152683508001761e-01
4.717049523315153259e-01
4.721349773678938933e-01
4.724746679569398200e-01
4.728617146560974982e-01
4.731606869382387615e-01
4.734945752763457527e-01
4.737430621273994724e-01
4.740327926241777456e-01
4.742394454504522683e-01
4.744775186872837169e-01
4.746351015065344292e-01
4.748262549136548216e-01
4.749393249185791532e-01
4.750805633087549218e-01
4.751461933048960473e-01
4.752408661734504047e-01
4.752623630007634103e-01
4.753077093124171704e-01
4.752823535535508626e-01
4.752812306130386188e-01
4.752117679590400767e-01
4.751592985925616741e-01
4.750410286103347035e-01
4.749443301981502996e-01
4.747840982146093181e-01
4.746388594676262951e-01
4.744324881020238749e-01
4.742390021082456553e-01
4.739868047049152766e-01
4.737470187045810244e-01
4.734508440609145330e-01
4.731637963462247409e-01
4.728227160057651979e-01
4.724889404896527312e-01
4.721034584694498992e-01
4.717241363270167076e-01
4.712953717045278434e-01
4.708696071277264084e-01
4.703967031681818289e-01
4.699259105957177551e-01
4.694102004338981393e-01
4.688935025135718693e-01
4.683341487896103272e-01
4.677726268971564849e-01
4.671707707012773270e-01
4.665638369885437564e-01
4.659188341824534452e-01
4.652675390388091303e-01
4.645803959384990911e-01
4.638841419638187191e-01
4.631541344261842497e-01
4.624141161494064178e-01
4.616426881130449855e-01
4.608582642391274575e-01
4.600445378092469229e-01
4.592185156325451767e-01
4.583648887237056213e-01
4.574945589786386657e-01
4.565991146557515368e-01
4.556870792075037868e-01
4.547518606494687643e-01
4.537981361763331889e-01
4.528238230721051694e-01
4.518284055712046277e-01
4.508141097664477570e-01
4.497782212151111847e-01
4.487247484289715316e-01
4.476485595066751477e-01
4.465580455254108960e-01
4.454391628713018081e-01
4.443073540428282842e-01
4.431521548208064987e-01
4.419854912816202352e-01
4.407881135320758093e-01
4.395806892706647373e-01
4.383471625601654820e-01
4.371044334104029483e-01
4.358316545441033307e-01
4.345528371616306229e-01
4.332421516646313697e-01
4.319263182830607728e-01
4.305797964780515019e-01
4.292272839317829991e-01
4.278452310077109910e-01
4.264539222348419645e-01
4.250395026938252330e-01
4.236107957577855965e-01
4.221628322431747460e-01
4.206975089023958780e-01
4.192174189408419682e-01
4.177117977967095275e-01
4.162038410523440923e-01
4.146573558553171002e-01
4.131229577807615794e-01
4.115386382505472618e-01
4.099778124050877937e-01
4.083504381770542979e-01
4.067656716511331982e-01
4.050971494135799933e-01
4.034896943725279073e-01
4.017798644251711071e-01
4.001501627939372252e-01
3.984000277521574374e-01
3.967492450463324660e-01
3.949585718919293997e-01
3.932879257770062198e-01
3.914559125501559378e-01
3.897685923063106128e-01
3.878939905614172678e-01
3.861710072775740299e-01
3.842728598127267414e-01
3.825284359969661208e-01
3.805993087747278625e-01
3.788261376189178686e-01
3.768778964086311190e-01
3.750814889345197023e-01
3.731190867879555229e-01
3.712831753433757931e-01
3.692914872662361181e-01
3.674331022920928613e-01
3.654277445454107709e-01
3.635293705000075537e-01
3.614954561042849623e-01
3.595787393337532833e-01
3.575328940996916338e-01
3.555776722339108464e-01
3.535032942552073232e-01
3.515283292508882274e-01
3.494415150369699630e-01
3.474358769547467585e-01
3.453274599825839064e-01
3.432996425229140613e-01
3.411761199580075621e-01
3.391191303574338511e-01
3.369744171514773012e-01
3.348979645804338046e-01
3.327409854534623124e-01
3.306348223168587563e-01
3.284556845907278810e-01
3.263321986853983114e-01
3.241424863084426677e-01
3.219987038283729786e-01
3.197951248836909399e-01
3.176429459846751291e-01
3.154365821334239040e-01
3.132862507651498207e-01
3.110864892212432675e-01
3.089465667403135107e-01
3.067612264005173950e-01
3.046388522685181677e-01
3.024744533250328105e-01
3.003755705898167871e-01
2.982375149199321118e-01
2.961670264088819837e-01
2.940597567785940281e-01
2.920216538540968410e-01
2.899487708578775691e-01
2.879462336425298030e-01
2.859105672931162578e-01
2.839461281306148166e-01
2.819499283654799404e-01
2.800255496538306965e-01
2.780705324595438843e-01
2.761876855334104430e-01
2.742751122077186077e-01
2.724348283931528059e-01
2.705655505908962088e-01
2.687684965240954571e-01
2.669430268960653607e-01
2.651895447191005006e-01
2.634080905265598349e-01
2.616982480227256769e-01
2.599607688086780222e-01
2.582944113595462832e-01
2.566006674966757051e-01
2.549774543017764850e-01
2.533270321690854199e-01
2.517464624450004296e-01
2.501387933159271437e-01
2.486002218845032030e-01
2.470346104836952938e-01
2.455372817920966622e-01
2.440129300155208791e-01
2.425560021535950184e-01
2.410720357246947110e-01
2.396545953296443932e-01
2.382100765964484945e-01
2.368311436707104534e-01
2.354250722511406213e-01
2.340836307018746010e-01
2.327149774937713467e-01
2.314099783505397245e-01
2.300776851909595022e-01
2.288080475672067959e-01
2.275110265937910770e-01
2.262756687007356771e-01
2.250128359357496666e-01
2.238106604214039064e-01
2.225809182829020516e-01
2.214108316324225889e-01
2.202130880098581711e-01
2.190740096467830300e-01
2.179071882163556295e-01
2.167980476076147855e-01
2.156610836236319828e-01
2.145808266244801088e-01
2.134726731811803502e-01
2.124202654197763773e-01
2.113398972613046434e-01
2.103143246829988211e-01
2.092607362261783288e-01
2.082610034833367874e-01
2.072332093838810951e-01
2.062583587640849925e-01
2.052554104570865623e-01
2.043045030535904916e-01
2.033254725424372689e-01
2.023975911255053439e-01
2.014415754446725326e-01
2.005358359443643046e-01
1.996019621261516108e-01
1.987175070363059459e-01
1.978049265522479061e-01
1.969409309382856299e-01
1.960488325075471494e-01
1.952045064642232430e-01
1.943321138770363332e-01
1.935066882332082683e-01
1.926532390482149915e-01
1.918459727313817920e-01
1.910107430045494825e-01
1.902209221307266662e-01
1.894032063989015691e-01
1.886301426423578342e-01
1.878292671487897247e-01
1.870722998885521182e-01
1.862876155760037067e-01
1.855461096611401850e-01
1.847769935233971317e-01
1.840503359721347432e-01
1.832961832508250288e-01
1.825837968079605800e-01
1.818440420243508104e-01
1.811453649184760484e-01
1.804194543558814423e-01
1.797339431008095900e-01
1.790213476881562515e-01
1.783484847590749434e-01
1.776486973231548583e-01
1.769879765618195822e-01
1.763004998690396175e-01
1.756514440281612410e-01
1.749758119013905266e-01
1.743379564256039016e-01
1.736737107407595460e-01
1.730466101898381348e-01
1.723933151073968051e-01
1.717765420603465099e-01
1.711337789218043970e-01
1.705269228119346558e-01
1.698942886246972150e-01
1.692969515967985283e-01
1.686740543478989773e-01
1.680858546573889001e-01
1.674723200251615751e-01
1.668928919383547982e-01
1.662883621710702919e-01
1.657173540804136314e-01
1.651214789123393589e-01
1.645585611739804055e-01
1.639710195136271920e-01
1.634158559169809621e-01
1.628363161850558682e-01
1.622886027680848497e-01
1.617167605902374572e-01
1.611761970238333730e-01
1.606117592692919427e-01
1.600780582254105744e-01
1.595207416798433975e-01
1.589936236317696094e-01
1.584431501806959908e-01
1.579223488326698954e-01
1.573784547397489852e-01
1.568637176295027136e-01
1.563261540620974610e-01
1.558172321695701079e-01
1.552857495942341626e-01
1.547824089105887257e-01
1.542567746619664115e-01
1.537587900349174919e-01
1.532387821306430142e-01
1.527459298349957972e-01
1.522313208101915560e-01
1.517433930591591817e-01
1.512339775278062348e-01
1.507507730332963147e-01
1.502463490218290676e-01
1.497676817600486487e-01
1.492680619285018939e-01
1.487937477798604857e-01
1.482987485693027518e-01
1.478286090196820335e-01
1.473380499049467551e-01
1.468719135801882236e-01
1.463856230982545914e-01
1.459233249979596803e-01
1.454411351663397745e-01
1.449825228922000386e-01
1.445042795118219869e-01
1.440492005902024308e-01
1.435747501841448115e-01
1.431230603676796609e-01
1.426522567316715340e-01
1.422038126631496313e-01
1.417365088588183331e-01
1.412911743737831349e-01
1.408272319811786355e-01
1.403848771024426845e-01
1.399241645962422953e-01
1.394846643753589466e-01
1.390270529479019912e-01
1.385902882112106937e-01
1.381356547093728626e-01
1.377015118241275149e-01
1.372497408800241736e-01
1.368181121423893143e-01
1.363690939976302807e-01
1.359398727399066809e-01
1.354934968773656434e-01
1.350665794734338954e-01
1.346227391577818622e-01
1.341980307350901791e-01
1.337566284202383327e-01
1.333340354073122291e-01
1.328949758027481165e-01
1.324744083568955566e-01
1.320375966385148037e-01
1.316189689675425767e-01
1.311843188552971606e-01
1.307675512456079880e-01
1.303349791648384937e-01
1.299199941246327317e-01
1.294894189348481106e-01
1.290761418430321217e-01
1.286474883814510140e-01
1.282358413921113049e-01
1.278090278624516574e-01
1.273989453792265802e-01
1.269739046844872432e-01
1.265653193661570308e-01
1.261419825062820577e-01
1.257348344038726473e-01
1.253131395007337223e-01
1.249073708697921448e-01
1.244872578774824656e-01
1.240828158609612597e-01
1.236642315578704299e-01
1.232610670119037299e-01
1.228439604488888726e-01
1.224420254100973826e-01
1.220263484152569189e-01
1.216255976312400899e-01
1.212113040257926933e-01
1.208116930766980068e-01
1.203987385590949977e-01
1.200002289839201264e-01
1.195885750216871268e-01
1.191911320373527372e-01
1.187807442428534532e-01
1.183843362876555172e-01
1.179751837021328353e-01
1.175797820510033620e-01
1.171718367384298187e-01
1.167774158700537190e-01
1.163706540725060190e-01
1.159771916747761311e-01
1.155715931174847722e-01
1.151790704152064748e-01
1.147746185471244518e-01
1.143830204221643609e-01
1.139797011659189896e-01
1.135890108592048364e-01
1.131868141743536116e-01
1.127970240270365077e-01
1.123959407102087249e-01
1.120070443139205285e-01
1.116070760898095204e-01
1.112190704080155967e-01
1.108202165289365881e-01
1.104331014050329296e-01
1.100353666545317854e-01
1.096491437853190920e-01
1.092525370279519847e-01
1.088672109528483478e-01
1.084717390635008272e-01
1.080873187380800293e-01
1.076929996880574836e-01
1.073094943767061438e-01
1.069163429214965433e-01
1.065337655257362626e-01
1.061418027334391223e-01
1.057601692740837429e-01
1.053694190476834047e-01
1.049887460163945185e-01
1.045992335301070275e-01
1.042195413603559662e-01
1.038312958524144070e-01
1.034526079728100290e-01
1.030656604896694750e-01
1.026880027780428528e-01
1.023023914729973838e-01
1.019257902441328689e-01
1.015415533664281722e-01
1.011660374292503994e-01
1.007832154002301639e-01
1.004088152826987657e-01
1.000274524684907906e-01
9.965419987859355788e-02
9.927434214951302849e-02
9.890227106572679894e-02
9.852396747986139069e-02
9.815311422833569721e-02
9.777641734063863277e-02
9.740681901392320152e-02
9.703178381648286388e-02
9.666347986167445061e-02
9.629016579955082533e-02
9.592319767466239711e-02
9.555166626685915321e-02
9.518607745196139280e-02
9.481639431818522645e-02
9.445223219509171764e-02
9.408446791411848031e-02
9.372178353583071608e-02
9.335601356139885953e-02
9.299486441739607256e-02
9.263116787664474328e-02
9.227161919321641426e-02
9.191007887063304405e-02
9.155220822205292763e-02
9.119291126569431527e-02
9.083681113187430656e-02
9.047984501412617564e-02
9.012562825831851865e-02
8.977107884638432789e-02
8.941887843701906702e-02
8.906682627121559337e-02
8.871679273728673432e-02
8.836731296695310434e-02
8.801960419982313155e-02
8.767276842344669252e-02
8.732754010595947247e-02
8.698341772405433769e-02
8.664081265159180589e-02
8.629947366232360029e-02
8.595961648112486475e-02
8.562113197429950529e-02
8.528412860976952725e-02
8.494856935968425615e-02
8.461450904370665382e-02
8.428194317621801046e-02
8.395090194041054943e-02
8.362139309501170903e-02
8.329343598966673645e-02
8.296704185339881521e-02
8.264222502996101949e-02
8.231899680176307799e-02
8.199736874933524766e-02
8.167735103624727822e-02
8.135895332026132909e-02
8.104218433013282707e-02
8.072705211025707484e-02
8.041356394944951247e-02
8.010172645038043937e-02
7.979154551707320908e-02
7.948302639286969340e-02
7.917617369016677342e-02
7.887099139003822534e-02
7.856748287073053727e-02
7.826565093248591398e-02
7.796549780643577399e-02
7.766702516928648825e-02
7.737023416705915424e-02
7.707512543584013609e-02
7.678169911724040675e-02
7.648995487331888832e-02
7.619989190238954380e-02
7.591150895701050116e-02
7.562480435725739414e-02
7.533977594893806473e-02
7.505642120449697308e-02
7.477473721057062428e-02
7.449472067079354609e-02
7.421636792146076023e-02
7.393967494183326106e-02
7.366463736876123491e-02
7.339125050912100046e-02
7.311950935067196289e-02
7.284940857332805608e-02
7.258094256024739954e-02
7.231410540873879633e-02
7.204889094078753553e-02
7.178529271337165396e-02
7.152330402849432778e-02
7.126291794297753834e-02
7.100412727801666546e-02
7.074692462850178110e-02
7.049130237210914085e-02
7.023725267821553930e-02
6.998476751652897565e-02
6.973383866550883492e-02
6.948445772059490266e-02
6.923661610223320884e-02
6.899030506370280869e-02
6.874551569874753909e-02
6.850223894901735777e-02
6.826046561132506629e-02
6.802018634472403735e-02
6.778139167741514814e-02
6.754407201350551282e-02
6.730821763978234173e-02
6.707381873191566035e-02
6.684086536068682693e-02
6.660934749812169597e-02
6.637925502354877216e-02
6.615057773005050823e-02
6.592330532944741528e-02
6.569742745888480784e-02
6.547293368627114807e-02
6.524981351508461758e-02
6.502805638377263941e-02
6.480765167347257716e-02
6.458858872832536069e-02
6.437085683276976000e-02
6.415444522495626634e-02
6.393934310932995746e-02
6.372553966255761759e-02
6.351302403507382011e-02
6.330178535488656388e-02
6.309181272964778375e-02
6.288309525030263969e-02
6.267562199471263251e-02
6.246938203122896771e-02
6.226436442220560641e-02
6.206055822848872972e-02
6.185795251660546057e-02
6.165653635750653616e-02
6.145629882935692290e-02
6.125722902034552719e-02
6.105931603169156840e-02
6.086254898058586493e-02
6.066691700226399531e-02
6.047240925289523727e-02
6.027901491260599653e-02
6.008672318854343941e-02
5.989552331792587225e-02
5.970540457258283196e-02
5.951635626076068331e-02
5.932836773091777760e-02
5.914142837719006673e-02
5.895552764821053449e-02
5.877065499147911265e-02
5.858679994721634199e-02
5.840395206805537587e-02
5.822210098432215042e-02
5.804123642401777527e-02
5.786134802883061146e-02
5.768242561548481140e-02
5.750445919598663747e-02
5.732743843742449386e-02
5.715135323559841773e-02
5.697619369056881877e-02
5.680195006427463111e-02
5.662861218877827951e-02
5.645617026177861264e-02
5.628461501230891395e-02
5.612544778000799761e-02
5.597944878799590573e-02
5.584631351268254384e-02
5.572586872210506803e-02
5.561792474613724835e-02
5.552229321865778666e-02
5.543878495249840443e-02
5.536721025764387849e-02
5.530737896623148797e-02
5.525910050209492663e-02
5.522218394965172639e-02
5.519643812645030900e-02
5.518167138792923199e-02
5.517769184412295302e-02
5.518430805774510173e-02
5.520132855897125213e-02
5.522856200797679471e-02
5.526581725981855042e-02
5.531290344520335689e-02
5.536963043199198686e-02
5.543580833645131434e-02
5.551124745058615140e-02
5.559575872814873088e-02
5.568915379128547283e-02
5.579124502334711910e-02
5.590184564582342808e-02
5.602076979814327173e-02
5.614783261678571447e-02
5.628285031432350705e-02
5.642564025822158214e-02
5.657602104938677656e-02
5.673381260039780938e-02
5.689883621338384656e-02
5.707091465749902781e-02
5.724987224594269009e-02
5.743553491247080367e-02
5.762773028736899172e-02
5.782628777279556764e-02
5.803103861747088699e-02
5.824181599065932080e-02
5.845845505535514353e-02
5.868079304065236534e-02
5.890866931320699884e-02
5.914192544774776739e-02
5.938040529656382627e-02
5.962395505791012740e-02
5.987242334325636184e-02
6.012566124331558681e-02
6.038352239281134792e-02
6.064586303385914590e-02
6.091254207796749365e-02
6.118342116656082241e-02
6.145836472997691369e-02
6.173724004489918038e-02
6.201991707053899905e-02
6.230626882207827844e-02
6.259617142482300223e-02
6.288950394451872650e-02
6.318614850277690098e-02
6.348599066367191512e-02
6.378891955147479587e-02
6.409482863376737838e-02
6.440361146576935314e-02
6.471516599786467094e-02
6.502939396737680844e-02
6.534620070712089668e-02
6.566549492657698661e-02
6.598718883557501413e-02
6.631119814542248136e-02
6.663744210863045692e-02
6.696584354197603062e-02
6.729632885090112981e-02
6.762882804464694086e-02
6.796327477512029147e-02
6.829960636268984919e-02
6.863776381606101484e-02
6.897769181598067956e-02
6.931933608091930821e-02
6.966264903958381549e-02
7.000758791850617002e-02
7.035411312513095705e-02
7.070218897200133967e-02
7.105178351079576016e-02
7.140286866946875255e-02
7.175542029475956429e-02
7.210941842006834968e-02
7.246484734088745605e-02
7.282169611726477254e-02
7.317995261547455277e-02
7.353960399557962768e-02
7.390065124464278989e-02
7.426309291827498660e-02
7.462693516841398256e-02
7.499218542769928164e-02
7.535885659267635428e-02
7.572696427367925365e-02
7.609652886322634813e-02
7.646755543032471292e-02
7.684005259676510158e-02
7.721405402360875803e-02
7.758958756914149935e-02
7.796668815132773434e-02
7.834539230764511752e-02
7.872574047795569130e-02
7.910777606525654093e-02
7.949154541268735330e-02
7.987709792735556147e-02
8.026448595331922564e-02
8.065376474533991757e-02
8.104499239865173288e-02
8.143822979421824759e-02
8.183354053514646509e-02
8.223099088425320224e-02
8.263064969872996324e-02
8.303258836359239670e-02
8.343688072329005778e-02
8.384360301177873342e-02
8.425283378098721854e-02
8.466465382781590554e-02
8.507914611972278163e-02
8.549639571903955293e-02
8.591648970619572556e-02
8.633951710204440522e-02
8.676556878963004316e-02
8.719473743576558467e-02
8.762711741290926670e-02
8.806280472194677467e-02
8.850189691659246516e-02
8.894449303024476450e-02
8.939069350608547238e-02
8.984060013126698996e-02
9.029442357117256623e-02
9.075211138783098597e-02
9.121382234448691118e-02
9.167964399682460019e-02
9.214968830850253645e-02
9.262406342716844598e-02
9.310288030875243925e-02
9.358625026655637003e-02
9.407427029289155973e-02
9.456706750551280294e-02
9.506450978809685703e-02
9.556717979036452593e-02
9.607491772069470803e-02
9.658795644251780277e-02
9.710633523820369484e-02
9.763018119546479356e-02
9.815957664819663364e-02
9.869462386280927757e-02
9.923544756501082031e-02
9.978215443101473570e-02
1.003348547172400740e-01
1.008936561317813618e-01
1.014586649154816667e-01
1.020299859978708035e-01
1.026077225251281200e-01
1.031919768028984330e-01
1.037828499308462993e-01
1.043804415216585679e-01
1.049848497218013599e-01
1.055961711008208681e-01
1.062145005803353248e-01
1.068399313434516273e-01
1.074725547493978195e-01
1.081124602458311268e-01
1.087597374153018437e-01
1.094144706030115710e-01
1.100767430904150967e-01
1.107466355143713332e-01
1.114242263304548730e-01
1.121095915385632025e-01
1.128028046758881853e-01
1.135039367159635937e-01
1.142130560023940644e-01
1.149302281710468665e-01
1.156555160762065548e-01
1.163889797139666116e-01
1.171306761423607790e-01
1.178806593973088512e-01
1.186389803964216783e-01
1.194056868239332103e-01
1.201808229823943808e-01
1.209644295782996704e-01
1.217565435086663261e-01
1.225572359717111703e-01
1.233664475706507946e-01
1.241842283944405434e-01
1.250105953614652488e-01
1.258456623859295631e-01
1.266894666238103373e-01
1.275419949071846248e-01
1.284032320840988728e-01
1.292731743366604402e-01
1.301518109087499431e-01
1.310391348197911254e-01
1.319351530272626083e-01
1.328398721117136083e-01
1.337532321352561671e-01
1.346752231798346022e-01
1.356058650132737076e-01
1.365451530423389126e-01
1.374930626341209772e-01
1.384495600529749570e-01
1.394146061954521509e-01
1.403881590739935736e-01
1.413701743462248139e-01
1.423606054441975410e-01
1.433594027895331580e-01
1.443665503191040034e-01
1.453819402967296559e-01
1.464055227404768011e-01
1.474372240548660340e-01
1.484769750544115141e-01
1.495247038719152433e-01
1.505803399176340596e-01
1.516438116575082318e-01
1.527150461312146712e-01
1.537939645572909408e-01
1.548804953777300208e-01
1.559745229299018821e-01
1.570759896317013016e-01
1.581848002352476412e-01
1.593008158585367262e-01
1.604238268357100761e-01
1.615537868784137077e-01
1.626906952005680307e-01
1.638343336560252883e-01
1.649846477064405015e-01
1.661414655887591685e-01
1.673046475455316484e-01
1.684740809032434505e-01
1.696497687877199789e-01
1.708314478744590859e-01
1.720190361044196259e-01
1.732123827274643091e-01
1.744113592049701400e-01
1.756158260428603013e-01
1.768256472899760734e-01
1.780406830001388108e-01
1.792607902715545043e-01
1.804858235136978795e-01
1.817156317875889271e-01
1.829500675070437343e-01
1.841889796385253464e-01
1.854322166663325555e-01
1.866796254279014522e-01
1.879309976960744921e-01
1.891862225597908953e-01
1.904451558353392471e-01
1.917076543827676560e-01
1.929735719637611646e-01
1.942427554895538311e-01
1.955150630257477262e-01
1.967901383068989540e-01
1.980680641016819565e-01
1.993485518540440704e-01
2.006315065062070635e-01
2.019167047912320823e-01
2.032040651864007175e-01
2.044933861849996537e-01
2.057844453524537431e-01
2.070770709199589721e-01
2.083710976800735859e-01
2.096663559593791304e-01
2.109627083591451013e-01
2.122598483755174792e-01
2.135575386249935481e-01
2.148553887244993299e-01
2.161527482859527671e-01
2.174486886607797098e-01
2.187422888131899668e-01
2.200326913374458515e-01
2.213190977555767880e-01
2.226007703074153188e-01
2.238770239645327953e-01
2.251472321329309745e-01
2.264108137419044153e-01
2.276672325004878705e-01
2.289159944426472082e-01
2.301566455681220424e-01
2.313887703842071875e-01
2.326119873935096338e-01
2.338259509838205297e-01
2.350303465125627156e-01
2.362248879212247576e-01
2.374093159568247957e-01
2.385834029740223627e-01
2.397469380741898970e-01
2.408997392940714910e-01
2.420416420758255693e-01
2.431725042851853313e-01
2.442922023164994516e-01
2.454006299272019076e-01
2.464976980076650781e-01
2.475833322470619713e-01
2.486574731473245592e-01
2.497200746045750153e-01
2.507711030914098194e-01
2.518105367638424630e-01
2.528383639897986424e-01
2.538545852533886649e-01
2.548592097133702272e-01
2.558522550641360027e-01
2.568337475683909465e-01
2.578037206847418883e-01
2.587622147936607941e-01
2.597092774706147300e-01
2.606449615196886893e-01
2.615693258643391750e-01
2.624824346548779164e-01
2.633843564272944637e-01
2.642751638459077679e-01
2.651549335175361621e-01
2.660237452254987645e-01
2.668816828777008654e-01
2.677288330395503069e-01
2.685652843798508327e-01
2.693911286156293050e-01
2.702064589434121089e-01
2.710113708852374126e-01
2.718059611762747574e-01
2.725903283431297952e-01
2.733645715625846462e-01
2.741287916805414948e-01
2.748830900181861159e-01
2.756275689650566907e-01
2.763623310137054423e-01
2.770874794478347947e-01
2.778031174942970360e-01
2.785093488568745057e-01
2.792062769890897300e-01
2.798940055360435442e-01
2.805726376994064353e-01
2.812422766785224182e-01
2.819030250643478896e-01
2.825549852602206036e-01
2.831982589276083040e-01
2.838329473717821072e-01
2.844591510171005644e-01
2.850769698312216605e-01
2.856865028104178528e-01
2.862878483861377998e-01
2.868811039234991922e-01
2.874663661540081683e-01
2.880437306558730204e-01
2.886132923122630145e-01
2.891751447793017848e-01
2.897293809768758943e-01
2.902760925326413055e-01
2.908153703144540914e-01
2.913473038384903901e-01
2.918719818545081335e-01
2.923894917050717246e-01
2.928999199699464095e-01
2.934033517618139242e-01
2.938998714632513609e-01
2.943895619401726838e-01
2.948725053725926859e-01
2.953487823620929431e-01
2.958184728874953540e-01
2.962816552786587398e-01
2.967384073272643086e-01
2.971888050821624994e-01
2.976329241765276468e-01
2.980708384590649018e-01
2.985026212706874960e-01
2.989283442854452910e-01
2.993480787868323389e-01
2.997618942567427114e-01
3.001698599404697410e-01
3.005720431342607246e-01
3.009685111025485749e-01
3.013593289720301049e-01
3.017445620986138888e-01
3.021242734528415963e-01
3.024985265666505496e-01
3.028673833373779489e-01
3.032309055882445037e-01
3.035891521915529134e-01
3.039421833879226154e-01
3.042900559146826112e-01
3.046328285120287194e-01
3.049705557269454248e-01
3.053032949816660291e-01
3.056310986032325094e-01
3.059540228331368295e-01
3.062721175400742180e-01
3.065854382773894327e-01
3.068940326949081143e-01
3.071979538717618530e-01
3.074972379061873262e-01
3.077912749743803023e-01
3.080567893590184791e-01
3.083189680321367643e-01
3.085513142593180325e-01
3.087816205492339705e-01
3.089798673598660450e-01
3.091774027241181999e-01
3.093416767808022660e-01
3.095066026050041774e-01
3.096359175007186160e-01
3.097671926818702515e-01
3.098618327548943729e-01
3.099600028770299609e-01
3.100184767040574663e-01
3.100819913331369082e-01
3.101052259105618880e-01
3.101349324697325605e-01
3.101211345825076182e-01
3.101156074683768527e-01
3.100656639870663644e-01
3.100256342339555160e-01
3.099379913008893372e-01
3.098620122892040141e-01
3.097376539909166837e-01
3.096267077532621759e-01
3.094638266429800000e-01
3.093162198814128905e-01
3.091161662730306237e-01
3.089332288563927387e-01
3.086939262826279284e-01
3.084737195802337295e-01
3.081968391701686572e-01
3.079409858109639075e-01
3.076241800785349811e-01
3.073304788140252541e-01
3.069758811324976855e-01
3.066463634941286043e-01
3.062512599477150710e-01
3.058834649052997734e-01
3.054503517580973160e-01
3.050466356045486993e-01
3.045726458550905846e-01
3.041303155130299918e-01
3.036181419927312386e-01
3.031397852778089375e-01
3.025864127558452465e-01
3.020691953919031891e-01
3.014776516350311519e-01
3.009244789316409263e-01
3.002913465678793137e-01
2.996990095270761767e-01
2.990280577437192666e-01
2.984001729151625204e-01
2.976879869560133951e-01
2.970213665150204241e-01
2.962705882787637912e-01
2.955678016372035866e-01
2.947761267636361815e-01
2.940350769020113608e-01
2.932051747089194915e-01
2.924282269537998857e-01
2.915588072384702745e-01
2.907445578013375109e-01
2.898428856842098500e-01
2.889839319452902622e-01
2.880440910415635880e-01
2.871471346232817856e-01
2.861733040224087032e-01
2.852343186466873015e-01
2.842244362336132646e-01
2.832469536775589769e-01
2.822026851460321950e-01
2.811846908369453613e-01
2.801055824702047836e-01
2.790485516239302743e-01
2.779352314855039752e-01
2.768392054841981031e-01
2.756923456712366827e-01
2.745576320421522221e-01
2.733775251243031890e-01
2.722046672699926506e-01
2.709916589750394067e-01
2.697809696906410259e-01
2.685352872281658865e-01
2.672875344523321650e-01
2.660093392119994293e-01
2.647251686081272259e-01
2.634147688200461079e-01
2.620948383505219415e-01
2.607525657146728681e-01
2.593980033240941840e-01
2.580238677093167343e-01
2.566352640383634531e-01
2.552293234045859838e-01
2.538083003486927836e-01
2.523710845595875663e-01
2.509176134950032999e-01
2.494516952672867216e-01
2.479734481920288780e-01
2.464860980284393488e-01
2.449899902473993141e-01
2.434877317460872881e-01
2.419798256461544450e-01
2.404683774747269354e-01
2.389539880781770820e-01
2.374383516495059965e-01
2.359221220474876923e-01
2.344066700985276142e-01
2.328926541993394106e-01
2.313811937082788650e-01
2.298729220090010572e-01
2.283687597522790491e-01
2.268692970351385840e-01
2.253752951824320450e-01
2.238872905246057088e-01
2.224059161216435099e-01
2.209316500724494703e-01
2.194650198591435730e-01
2.180064446120595911e-01
2.165563638682748149e-01
2.151151391507148403e-01
2.136831356356915512e-01
2.122606612983585772e-01
2.108480177955823209e-01
2.094454632383618287e-01
2.080532444472391607e-01
2.066715739605081148e-01
2.053006511850785643e-01
2.039406475310494293e-01
2.025917205477409944e-01
2.012540049766313177e-01
1.999276218386756288e-01
1.986126730283850894e-01
1.973092476098083359e-01
1.960174181658653203e-01
1.947372455600411834e-01
1.934687766301596556e-01
1.922120474428372083e-01
1.909670820701315774e-01
1.897338949354887838e-01
1.885124900525609881e-01
1.873028628638789550e-01
1.861049998199413857e-01
1.849188797951867302e-01
1.837444738752458118e-01
1.825817465168605991e-01
1.814306554332750232e-01
1.802911525835973749e-01
1.791631841140028936e-01
1.780466911413794151e-01
1.769416098351765387e-01
1.758478720409575868e-01
1.747654053674233543e-01
1.736941337630305005e-01
1.726339775461802617e-01
1.715848539612745693e-01
1.705466771793677783e-01
1.695193588263201045e-01
1.685028079421950487e-01
1.674969314999205650e-01
1.665016343106637819e-01
1.655168195545741461e-01
1.645423886136318514e-01
1.635782416424569896e-01
1.626242773004067388e-01
1.616803934026724843e-01
1.607464865057502412e-01
1.598224527020605801e-01
1.589081869824521820e-01
1.580035842805270763e-01
1.571085384720899425e-01
1.562229438554013083e-01
1.553466935452426645e-01
1.544796817331228755e-01
1.536218010050056093e-01
1.527729460349478985e-01
1.519330088854045080e-01
1.511018854880105122e-01
1.502794670014115375e-01
1.494656519048923604e-01
1.486603291951987260e-01
1.478634024341453634e-01
1.470747551508758688e-01
1.462943016752720204e-01
1.455219116565804605e-01
1.447575241288605041e-01
1.440009728268585865e-01
1.432522579053257528e-01
1.425111173547954913e-01
1.417777130146803954e-01
1.410515163693000784e-01
1.403331456938282096e-01
1.396212921353318093e-01
1.389179391290831234e-01
1.382193719783029184e-01
1.375318870009406558e-01
1.368439908039195130e-01
1.361760950714780982e-01
1.354919305643598748e-01
1.348520296193306822e-01
1.341697099755734812e-01
1.335523173312487821e-01
1.328852314526344225e-01
1.322855401295687794e-01
1.316342055906647435e-01
1.310517650194396033e-01
1.304157444068628213e-01
1.298501108392984271e-01
1.292289828510349570e-01
1.286797526225931798e-01
1.280731069920828524e-01
1.275398689780023465e-01
1.269473212272497209e-01
1.264296878445666517e-01
1.258508589675122469e-01
1.253484717811779725e-01
1.247830094449506322e-01
1.242955028522954031e-01
1.237430540240189170e-01
1.232700733340089116e-01
1.227303022455507597e-01
1.222715280852403885e-01
1.217441095111450045e-01
1.212992258704186921e-01
1.207838590461656758e-01
1.203525649520477137e-01
1.198489541723441465e-01
1.194309536648849868e-01
1.189388058748588328e-01
1.185338186690488294e-01
1.180528647568432898e-01
1.176606253439302918e-01
1.171906030853480662e-01
1.168108573422355079e-01
1.163515143131508278e-01
1.159840074978056856e-01
1.155351007286299359e-01
1.151795876842743316e-01
1.147408771846006315e-01
1.143971306089774931e-01
1.139683967951568566e-01
1.136362050183568617e-01
1.132172268718315000e-01
1.128963658356993416e-01
1.124869370809264413e-01
1.121772034109773664e-01
1.117771324010229939e-01
1.114783397072658389e-01
1.110874297084145645e-01
1.107993834743719597e-01
1.104174509957228101e-01
1.101399695208858387e-01
1.097668312090376852e-01
1.094997346395152338e-01
1.091352217610946918e-01
1.088783443535119022e-01
1.085222949830306760e-01
1.082754799645546662e-01
1.079277365726332705e-01
1.076908206826964198e-01
1.073512310917086876e-01
1.071240658631063547e-01
1.067924860613275184e-01
1.065749347331964025e-01
1.062512263087890818e-01
1.060431491604806320e-01
1.057271804107984825e-01
1.055284504878821750e-01
1.052200993378987759e-01
1.050305804620579320e-01
1.047297279983161467e-01
1.045493051880129198e-01
1.042558203995848087e-01
1.040843718663336803e-01
1.037981460171061299e-01
1.036355614392969193e-01
1.033564809630762582e-01
1.032026408120212957e-01
1.029305894632882579e-01
1.027853841776063537e-01
1.025202777703013157e-01
1.023836191585551503e-01
1.021253631031298625e-01
1.019971484122839667e-01
1.017456507924705544e-01
1.016257912096161786e-01
1.013809603498793122e-01
1.012693546015612789e-01
1.010310995352211028e-01
1.009276711561119533e-01
1.006959221913414915e-01
1.006005775003824820e-01
1.003752454560474239e-01
1.002879054505511625e-01
1.000689246469927407e-01
9.998951677724332576e-02
9.977680988786130634e-02
9.970524654059231828e-02
9.949873777689083321e-02
9.943493944490511272e-02
9.923455497024241678e-02
9.917845407062869656e-02
9.898412377891691039e-02
9.893564814550681596e-02
9.874731271123993182e-02
9.870639549661447409e-02
9.852398737741868695e-02
9.849055488027536054e-02
9.831401576754456029e-02
9.828800969086698425e-02
9.811727853374019315e-02
9.809862032239335949e-02
9.793362165656804841e-02
9.792224319293241219e-02
9.776292840080519353e-02
9.775877018930761997e-02
9.760507916260191541e-02
9.760807756165579274e-02
9.745994734566421069e-02
9.747003384973823570e-02
9.732740892133107113e-02
9.734450938530342379e-02
9.720731293554235597e-02
9.723136342285382261e-02
9.709954490807626293e-02
9.713047356294429724e-02
9.700395288144936234e-02
9.704168037134397462e-02
9.692038420465248771e-02
9.696483370548153458e-02
9.684869312754168513e-02
9.689978635716167688e-02
9.678871799842525547e-02
9.684636539098101515e-02
9.674028369782966541e-02
9.680439394445833345e-02
9.670321879041554602e-02
9.677370040473942669e-02
9.667732378503379742e-02
9.675405696605099415e-02
9.666234673246082432e-02
9.674519937836628669e-02
9.665801918598204701e-02
9.674685298408253198e-02
9.666405424006557778e-02
9.675871331727975422e-02
9.668012820808152830e-02
9.678043957561854871e-02
9.670587493694943193e-02
9.681164555886240253e-02
9.674088502347816254e-02
9.685188234776870297e-02
9.678464614299053803e-02
9.690059346057683376e-02
9.683656480968871882e-02
9.695716008080185189e-02
9.689596817552276198e-02
9.702084069843924796e-02
9.696205027017101852e-02
9.709078563253703553e-02
9.703387637301819080e-02
9.716597214924960202e-02
9.711033078321024137e-02
9.724520714847850744e-02
9.719007299090054453e-02
9.732702532741538404e-02
9.727148893219494941e-02
9.740968907911351504e-02
9.735265266952081165e-02
9.749111784287078919e-02
9.743125056182300181e-02
9.756880442338011772e-02
9.750446968272119541e-02
9.763970753532597024e-02
9.756892549123785674e-02
9.770018291264281896e-02
9.762057760743714230e-02
9.774589263767685665e-02
9.765458529013282263e-02
9.777165071339727342e-02
9.766532451215331756e-02
9.777150283861352209e-02
9.764649059544233678e-02
9.773888504633393426e-02
9.759156737964203021e-02
9.766722301554769947e-02
9.749472667053249442e-02
9.755101855158210267e-02
9.735211645498170752e-02
9.738729243156113435e-02
9.716256802670497628e-02
9.717599376737706685e-02
9.692695707660542448e-02
9.691890163636096567e-02
9.664670538811404032e-02
9.661767725321671052e-02
9.632305154727183183e-02
9.627355095370043747e-02
9.595697465483474242e-02
9.588744795799664100e-02
9.554932271441429759e-02
9.546009983235537177e-02
9.510079961197367981e-02
9.499216297905399564e-02
9.461205837300476484e-02
9.448425198585891360e-02
9.408368992047216883e-02
9.393689469491464661e-02
9.351623064079300773e-02
9.335057399992188754e-02
9.291008412023243901e-02
9.272563208636974696e-02
9.226578233934801254e-02
9.206258205069198230e-02
9.158367965131714028e-02
9.136171362686931752e-02
9.086437506354672067e-02
9.062348849923360095e-02
9.010787462822433813e-02
8.984797215368156564e-02
8.931496245333650497e-02
8.903586252130207823e-02
8.848548379973406042e-02
8.818672038458455487e-02
8.762082435040807749e-02
8.730245350059132048e-02
8.671837830162962280e-02
8.637887943286187697e-02
8.578846460115968631e-02
8.543111878366718703e-02
8.479823769970240566e-02
8.441035412064504251e-02
8.390537339173938236e-02
8.355056275502040219e-02
8.308558952431729927e-02
8.278493960031653442e-02
8.227575607383223744e-02
8.197508648820384103e-02
8.147976230996127611e-02
8.115902071589461975e-02
8.052646620596724814e-02
8.013933910719259202e-02
7.954335874577136978e-02
7.926662332132429489e-02
7.871069545945619250e-02
7.837419725638825052e-02
7.797374455692876460e-02
7.773158186070006082e-02
7.740147913303602190e-02
7.729312932631708655e-02
7.718116735644461879e-02
7.696010152595962606e-02
7.685386761424080337e-02
7.665661626260059092e-02
7.659203089535358833e-02
7.629635030969586507e-02
7.619698173652590667e-02
7.606723433837939141e-02
7.601652043567760919e-02
7.600072649991634899e-02
7.606511853375601262e-02
7.615576639620671995e-02
7.633138566220216970e-02
7.651963592952236437e-02
7.680389792125374981e-02
7.707233323800209701e-02
7.746177832051254208e-02
7.774668996735541182e-02
7.822329848355782933e-02
7.858847847396194242e-02
7.904615104430147421e-02
7.944829231209005194e-02
7.994759018723328337e-02
8.036661429356543873e-02
8.089263799998264171e-02
8.128444842988771790e-02
8.180738855552278921e-02
8.203200814487671133e-02
8.246857320195050134e-02
8.282285189063767761e-02
8.329646752128699871e-02
8.371020224357812733e-02
8.428763971269299937e-02
8.464034937276963821e-02
8.527503997508906197e-02
8.547461927549925009e-02
8.596677889351059254e-02
8.625537576845167254e-02
8.679941908620945890e-02
8.689865466352089673e-02
8.729826877567799237e-02
8.750874971250222067e-02
8.796713359062034721e-02
8.799586111147769674e-02
8.832014074133247294e-02
8.851383258421233191e-02
8.889882902257081887e-02
8.926767314739038339e-02
8.919626234412163235e-02
8.944444755139886738e-02
8.950039249681178422e-02
8.982075564086348940e-02
8.967996943979682223e-02
8.986667796970025657e-02
8.986659020703183232e-02
9.013061894133786445e-02
8.992918477777596398e-02
9.006300477940969162e-02
9.001350078075584515e-02
9.022919182520669490e-02
8.997082316825180670e-02
9.005767136851743071e-02
8.995652565438302939e-02
9.013006479547955307e-02
8.981256335113516065e-02
8.985745018206492407e-02
8.970170776817720792e-02
8.983980343140794689e-02
8.949392126683188009e-02
8.951478163999730675e-02
8.934718507211306116e-02
8.946281490125958247e-02
8.908670545723768042e-02
8.908474691963499947e-02
8.890175347493636804e-02
8.899705247355756133e-02
8.859928855875087716e-02
8.857999884256106959e-02
8.839062279185064264e-02
8.846976623656749306e-02
8.804976046524720656e-02
8.801437164839177874e-02
8.781688930472954235e-02
8.788164717727385555e-02
8.744524678296944353e-02
8.739761115942411285e-02
8.719795096855237349e-02
8.725128361898325247e-02
8.679879323221148524e-02
8.674015982731235475e-02
8.653804990623746585e-02
8.658147542509932182e-02
8.611648463573097489e-02
8.604937729272499336e-02
8.584817769722405401e-02
8.588370583414610404e-02
8.540700904535217242e-02
8.533261038153606981e-02
8.513273968101568723e-02
8.516161236837016535e-02
8.467553635078778340e-02
8.459557138553083777e-02
8.439914060303295440e-02
8.442277603208930836e-02
8.392805511199422086e-02
8.384345209758911621e-02
8.365091557928330812e-02
8.367026455448958733e-02
8.316872196214251944e-02
8.308077893928546287e-02
8.289370090428946347e-02
8.290978505337476268e-02
8.240196705623546725e-02
8.231136138249763035e-02
8.213007273731770530e-02
8.214358359321277669e-02
8.163063913570793584e-02
8.153824020471185652e-02
8.136365576125850763e-02
8.137530285562101506e-02
8.085774394555012012e-02
8.076408936069243150e-02
8.059651780065525684e-02
8.060681709180347876e-02
8.008548625147457467e-02
7.999120501722828402e-02
7.983128815449982985e-02
7.984074700323894047e-02
7.931598633406400367e-02
7.922144753855339672e-02
7.906934815744159906e-02
7.907832369939443717e-02
7.855076468081856333e-02
7.845642487242610041e-02
7.831253682712019382e-02
7.832138530958954181e-02
7.779147412820799912e-02
7.769767421234863303e-02
7.756234228579228507e-02
7.757133998476986592e-02
7.703937907280886122e-02
7.694635000435859351e-02
7.681969732876436918e-02
7.682903893707865306e-02
7.629535892662550611e-02
7.620331782848840940e-02
7.608538687966887037e-02
7.609522885109018531e-02
7.556017240084203501e-02
7.546933041933007180e-02
7.536031994112374344e-02
7.537079409415339826e-02
7.483454175568829414e-02
7.474500118275179128e-02
7.464486727556823853e-02
7.465605074904416161e-02
7.411889751768227508e-02
7.403079476210377985e-02
7.393963977525064291e-02
7.395160129074185296e-02
7.341378867454431689e-02
7.332721005977443918e-02
7.324505753303867106e-02
7.325783273494718140e-02
7.271977745973928764e-02
7.263485219790913328e-02
7.256174710957918883e-02
7.257528713922178909e-02
7.203740700106078809e-02
7.195429976844605613e-02
7.189048815298057504e-02
7.190484189997967124e-02
7.136818929854399363e-02
7.128695150834957195e-02
7.123274503474180674e-02
7.124758599430708328e-02
7.071474468810581837e-02
7.063618826685891250e-02
7.059374317362690499e-02
7.060921655210170012e-02
7.009536908558383628e-02
7.002395756132703819e-02
7.000887716163478602e-02
7.002043933744456217e-02
6.987357992185602718e-02
6.995438861177022405e-02
6.987563471025751149e-02
7.002774493686977908e-02
6.999386548539163200e-02
7.020058588655467280e-02
7.016720228726627817e-02
7.040082203588643450e-02
