2.636936965121636223e-01
2.636936965121636223e-01
2.621318195032101284e-01
2.603161126607864140e-01
2.585662950031080154e-01
2.567795994726975728e-01
2.549910338183380420e-01
2.531886202508342176e-01
2.513764051652453979e-01
2.495529942922517785e-01
2.477188413053283134e-01
2.458737847363943185e-01
2.440178759891213633e-01
2.421511027997625687e-01
2.402734810486071848e-01
2.383850245988065886e-01
2.364857551990904028e-01
2.345756993351875708e-01
2.326548892858936735e-01
2.307233628321678220e-01
2.287811633862680272e-01
2.268283399848467496e-01
2.248649473187113723e-01
2.228910457462150996e-01
2.209067013062240015e-01
2.189119857258400303e-01
2.169069764242210763e-01
2.148917565120636031e-01
2.128664147867538048e-01
2.108310457231969415e-01
2.087857494603086173e-01
2.067306317830525653e-01
2.046658041000380956e-01
2.025913834166842564e-01
2.005074923039183443e-01
1.984142588624076275e-01
1.963118166823233368e-01
1.942003047986437525e-01
1.920798676420086559e-01
1.899506549851449067e-01
1.878128218848883479e-01
1.856665286198353193e-01
1.835119406236620510e-01
1.813492284141575706e-01
1.791785675180205817e-01
1.770001383914334148e-01
1.748141263366282672e-01
1.726207214143312962e-01
1.704201185351627013e-01
1.682125167568823410e-01
1.659981198997368679e-01
1.637771361371078427e-01
1.615497777376339039e-01
1.593162613913843839e-01
1.570768076949524972e-01
1.548316411786361257e-01
1.525809901781748634e-01
1.503250867126832147e-01
1.480641663591133472e-01
1.457984681243452985e-01
1.435282343149167361e-01
1.412537104014395251e-01
1.389751448884915253e-01
1.366927891760151004e-01
1.344068974205878120e-01
1.321177263937491908e-01
1.298255353405316503e-01
1.275305858327465680e-01
1.252331416231985683e-01
1.229334685000519622e-01
1.206318341434022001e-01
1.183285079813403973e-01
1.160237610526911878e-01
1.137178659362426125e-01
1.114110963398988741e-01
1.091037271823324384e-01
1.067960343958673231e-01
1.044882947707233556e-01
1.021807858066125507e-01
9.987378556587681033e-02
9.756757251706510425e-02
9.526242540761958866e-02
9.295862312882516298e-02
9.065644454764931748e-02
8.835616839735280226e-02
8.605807312468158332e-02
8.376243655022683199e-02
8.146953613183663401e-02
7.917964865470836222e-02
7.689305000539875534e-02
7.461001512043707873e-02
7.233081811528552230e-02
7.005573156564878778e-02
6.778502677470371607e-02
6.551897362712827411e-02
6.325784046284652073e-02
6.100189396085717308e-02
5.875139902929019109e-02
5.650661870007558929e-02
5.426781402762648199e-02
5.203524399128706124e-02
4.980916540150251426e-02
4.758983280973136387e-02
4.537749842219726548e-02
4.317241201745641854e-02
4.097482086790676936e-02
3.878496966529321188e-02
3.660310045021741843e-02
3.442945254565743518e-02
3.226426249446084915e-02
3.010776365973738544e-02
2.796018709637848598e-02
2.582176117239709523e-02
2.369271047180288026e-02
2.157325688794037299e-02
1.946361943581037535e-02
1.736401363768919071e-02
1.527465213789830356e-02
1.319574442632664990e-02
1.112749682886404745e-02
9.070112491592174919e-03
7.023791381581157012e-03
4.988730308180699957e-03
2.965123104437639157e-03
9.531602106624958992e-04
-1.046971088733583688e-03
-3.035086642633189058e-03
-5.011005409384594600e-03
-6.974549430147358731e-03
-8.925543797153823178e-03
-1.086381661519747466e-02
-1.278919895789798478e-02
-1.470152481847986081e-02
-1.660063105513748249e-02
-1.848635733105746803e-02
-2.035854604865106054e-02
-2.221704227887510985e-02
-2.406169368542998566e-02
-2.589235044226756433e-02
-2.770886514509673937e-02
-2.951109271664481559e-02
-3.129889030541510575e-02
-3.307211717775626614e-02
-3.483063460612773055e-02
-3.657430577810766303e-02
-3.830299561233263539e-02
-4.001657063132674219e-02
-4.171489886341489539e-02
-4.339784970833976407e-02
-4.506529379864188112e-02
-4.671710285711072608e-02
-4.835314955067260279e-02
-4.997330734112986894e-02
-5.157745033321692318e-02
-5.316545312048542860e-02
-5.473719084421613257e-02
-5.629253852319082707e-02
-5.783137120815923238e-02
-5.935356382514378470e-02
-6.085899101633118757e-02
-6.234752698330087162e-02
-6.381904532788218454e-02
-6.527341886571480511e-02
-6.671051974881209157e-02
-6.813021891451992440e-02
-6.953238621908880424e-02
-7.091689028662945260e-02
-7.228359834637188008e-02
-7.363237614965945088e-02
-7.496308790613082085e-02
-7.627559619903462318e-02
-7.756976175272273233e-02
-7.884544367441581603e-02
-8.010249931666457712e-02
-8.134078425374213772e-02
-8.256015223182117113e-02
-8.376045539529530792e-02
-8.494154354515526251e-02
-8.610326536776286011e-02
-8.724546761223117564e-02
-8.836799625902153066e-02
-8.947069451079575630e-02
-9.055340566663960811e-02
-9.161597126639370314e-02
-9.265823189254640546e-02
-9.368002734506258866e-02
-9.468119684629738853e-02
-9.566157926723611871e-02
-9.662101337260020628e-02
-9.755933808022415610e-02
-9.847639273700792284e-02
-9.937201741144330303e-02
-1.002460532143462646e-01
-1.010983426097127325e-01
-1.019287297581751295e-01
-1.027370608783604866e-01
-1.035231846251604138e-01
-1.042869524851192109e-01
-1.050282191892399353e-01
-1.057468431435945044e-01
-1.064426868781952473e-01
-1.071156175146346645e-01
-1.077655072530280256e-01
-1.083922338787763895e-01
-1.089956812896146765e-01
-1.095757400433026718e-01
-1.101323079261461446e-01
-1.106652905422970123e-01
-1.111746019072424874e-01
-1.116601650800639334e-01
-1.121219128120501396e-01
-1.125597882088488766e-01
-1.129737454078587056e-01
-1.133637502679984976e-01
-1.137297810720204749e-01
-1.140718292290446301e-01
-1.143898999698734764e-01
-1.146840130139255010e-01
-1.149542038752550122e-01
-1.152005226734468812e-01
-1.154230364096609507e-01
-1.156218298376371911e-01
-1.157970043721611719e-01
-1.159486787683803311e-01
-1.160769903428050531e-01
-1.161820955091713015e-01
-1.162641687861041273e-01
-1.163234032740756985e-01
-1.163600104926176826e-01
-1.163742200921396019e-01
-1.163662794086570695e-01
-1.163364526621638584e-01
-1.162850209479780461e-01
-1.162122810521896143e-01
-1.161185443393957240e-01
-1.160041356410503877e-01
-1.158693920217053197e-01
-1.157146614013412900e-01
-1.155403010349774773e-01
-1.153466758181337926e-01
-1.151341567045384706e-01
-1.149031196152922041e-01
-1.146539424771541027e-01
-1.143870044964200861e-01
-1.141026842832422172e-01
-1.138013581830123466e-01
-1.134833986853129861e-01
-1.131491729183807249e-01
-1.127990412404358822e-01
-1.124333559394811166e-01
-1.120524600534407167e-01
-1.116566863173640844e-01
-1.112463562436566966e-01
-1.108217813036663224e-01
-1.103832584502805192e-01
-1.099310714535061129e-01
-1.094654905226120079e-01
-1.089867720597656464e-01
-1.084951585401943142e-01
-1.079908785134178761e-01
-1.074741467173824794e-01
-1.069451642989597273e-01
-1.064041191325778568e-01
-1.058511862281256155e-01
-1.052865282194145324e-01
-1.047102959214851747e-01
-1.041226289493433765e-01
-1.035236564159859318e-01
-1.029134976780445299e-01
-1.022922630419195178e-01
-1.016600545125409538e-01
-1.010169664464056760e-01
-1.003630864408173728e-01
-9.969849612008041539e-02
-9.902327191235765769e-02
-9.833748581052992321e-02
-9.764120611047077958e-02
-9.693449812028043233e-02
-9.621742483514178490e-02
-9.549004757348233952e-02
-9.475242657100596544e-02
-9.400462152992306031e-02
-9.324669212143193997e-02
-9.247869844020145669e-02
-9.170070141029790234e-02
-9.091276314688101490e-02
-9.011494726675123301e-02
-8.930731914768541557e-02
-8.848994614796135139e-02
-8.766289778362013063e-02
-8.682624586670445455e-02
-8.598006460723706113e-02
-8.512443068213726427e-02
-8.425942327438362689e-02
-8.338512408575710078e-02
-8.250161732644278878e-02
-8.160898968413310417e-02
-8.070733027650117686e-02
-7.979673059215225406e-02
-7.887728441594354933e-02
-7.794908774484998748e-02
-7.701223869534712385e-02
-7.606683740667263827e-02
-7.511298593673115809e-02
-7.415078746297143475e-02
-7.318034787150823339e-02
-7.220177460349452847e-02
-7.121517659388226784e-02
-7.022066420277928156e-02
-6.921834906935481202e-02
-6.820834401829073412e-02
-6.719076298189019525e-02
-6.616572092797867732e-02
-6.513333377119556733e-02
-6.409371824218657032e-02
-6.304699190391721553e-02
-6.199327324726239263e-02
-6.093268166058918300e-02
-5.986533549120698350e-02
-5.879135478005237392e-02
-5.771085992657015717e-02
-5.662397119427431402e-02
-5.553081064109643972e-02
-5.443149731927071633e-02
-5.332615278313829199e-02
-5.221489818069252609e-02
-5.109785461714988486e-02
-4.997514490925591968e-02
-4.884688947037002515e-02
-4.771320858240324370e-02
-4.657422229175639528e-02
-4.543005031815183781e-02
-4.428081197054350993e-02
-4.312662607087092148e-02
-4.196761088122347161e-02
-4.080388403406187692e-02
-3.963556246525906657e-02
-3.846276234831330632e-02
-3.728559902964517780e-02
-3.610418696524042570e-02
-3.491863965784852697e-02
-3.372906959487492751e-02
-3.253558818673085717e-02
-3.133830570596018994e-02
-3.013733122693029731e-02
-2.893277256580789603e-02
-2.772473622134130622e-02
-2.651332731610867022e-02
-2.529864953833393937e-02
-2.408080508441740042e-02
-2.285989460189824518e-02
-2.163601713332635734e-02
-2.040927006062015492e-02
-1.917974905015135123e-02
-1.794754799886993935e-02
-1.671275898077384525e-02
-1.547547219439709965e-02
-1.423577591121988339e-02
-1.299375642471228831e-02
-1.174949800045715920e-02
-1.050308282714362829e-02
-9.254590968346465552e-03
-8.004100315539719457e-03
-6.751686541927148788e-03
-5.497423057606032337e-03
-4.241379353517593653e-03
-2.983625280508384048e-03
-1.724227668420397208e-03
-4.632506395711444291e-04
7.992442748235850658e-04
2.063198105284158590e-03
3.328554819522266950e-03
4.595260316160754144e-03
5.863263302667842680e-03
7.132515214894052935e-03
8.402970202828208279e-03
9.674583839504480309e-03
1.094731690418015990e-02
1.222113216376824463e-02
1.349599489255176588e-02
1.477187308232785767e-02
1.604873725545785668e-02
1.732656135763355199e-02
1.860532200549980253e-02
1.988499865706311320e-02
2.116557368770050074e-02
2.244703244278645204e-02
2.372936312954426752e-02
2.501255669554858230e-02
2.629660750399909208e-02
2.758151293999472342e-02
2.886727335589028831e-02
3.015389198077522703e-02
3.144137506683852834e-02
3.272973188029432157e-02
3.401897469557429998e-02
3.530911879563353173e-02
3.660018247179341877e-02
3.789218702141672335e-02
3.918515674331107812e-02
4.047911893109129577e-02
4.177410386469182502e-02
4.307014480013943158e-02
4.436727795762507309e-02
4.566554250790236247e-02
4.696498055697070906e-02
4.826563712905146408e-02
4.956755938686197016e-02
5.087079883785991519e-02
5.217540927928554506e-02
5.348144723479789087e-02
5.478897199286747455e-02
5.609804561774028864e-02
5.740873292685302887e-02
5.872110146130751773e-02
6.003522145383699549e-02
6.135116579747976195e-02
6.266901001052679887e-02
6.398883219974357828e-02
6.531071302153126923e-02
6.663473564163924223e-02
6.796098569341907369e-02
6.928955123434293872e-02
7.062052270128682530e-02
7.195399286372797243e-02
7.329005677373448546e-02
7.462881172025639942e-02
7.597035717692543488e-02
7.731479474975558319e-02
7.866222812375786577e-02
8.001276300800264085e-02
8.136650707923409609e-02
8.272356992406851295e-02
8.408406297979567623e-02
8.544809947240733505e-02
8.681579435760575225e-02
8.818726425648479306e-02
8.956262739030612652e-02
9.094200351465533960e-02
9.232551385233386809e-02
9.371328102494985712e-02
9.510542898326532213e-02
9.650208293629111700e-02
9.790336927914078391e-02
9.930941551984159843e-02
1.007203502049451027e-01
1.021363028439855880e-01
1.035574038327076174e-01
1.049837843751902644e-01
1.064155764904333445e-01
1.078529126597611854e-01
1.092959260428794932e-01
1.107447502838158626e-01
1.121995194328158918e-01
1.136603678601575407e-01
1.151274301692817581e-01
1.166008411123019006e-01
1.180807354282943922e-01
1.195672479846644209e-01
1.210605134525773730e-01
1.225606663096167614e-01
1.240678407411727191e-01
1.255821705505650310e-01
1.271037890674452941e-01
1.286328290555941167e-01
1.301694226199704985e-01
1.317137011130942170e-01
1.332657950407700742e-01
1.348258339671831174e-01
1.363939464193916762e-01
1.379702597912462192e-01
1.395549002467628696e-01
1.411479926229814441e-01
1.427496603323386570e-01
1.443600252645884374e-01
1.459792076883021095e-01
1.476073261519816326e-01
1.492444973848231493e-01
1.508908361971648127e-01
1.525464553806580859e-01
1.542114656082016755e-01
1.558859753336782616e-01
1.575700906915366017e-01
1.592639153962620846e-01
1.609675506417823643e-01
1.626810950008530099e-01
1.644046443244748246e-01
1.661382916413918220e-01
1.678821270577212921e-01
1.696362376567704389e-01
1.714007073990984620e-01
1.731756170228789249e-01
1.749610439446241394e-01
1.767570621603332670e-01
1.785637421471275299e-01
1.803811507654397850e-01
1.822093511618254058e-01
1.840484026724652500e-01
1.858983607274317662e-01
1.877592767557949016e-01
1.896311980916404183e-01
1.915141678810813874e-01
1.934082249903401884e-01
1.953134039149555523e-01
1.972297346903318094e-01
1.991572428034831810e-01
2.010959491062638826e-01
2.030458697300724924e-01
2.050070160021568721e-01
2.069793943635989675e-01
2.089630062890887596e-01
2.109578482085656126e-01
2.129639114307017023e-01
2.149811820687075603e-01
2.170096409681694649e-01
2.190492636371026980e-01
2.211000201784387720e-01
2.231618752249531490e-01
2.252347878767733125e-01
2.273187116415541498e-01
2.294135943774296416e-01
2.315193782388406118e-01
2.336359996253426496e-01
2.357633891334953713e-01
2.379014715119355250e-01
2.400501656197338018e-01
2.422093843881361341e-01
2.443790347857865697e-01
2.465590177876759437e-01
2.487492283479893485e-01
2.509495553758612219e-01
2.531598817157980075e-01
2.553800841316816173e-01
2.576100332949909921e-01
2.598495937770755604e-01
2.620986240456739114e-01
2.643569764657013321e-01
2.666244973043998545e-01
2.689010267510349994e-01
2.711863989178350809e-01
2.734804418633730583e-01
2.757829776164597568e-01
2.780938222044020414e-01
2.804127856862171919e-01
2.827396721905882093e-01
2.850742799587286380e-01
2.874164013921277627e-01
2.897658231052361311e-01
2.921223259830951768e-01
2.944856852439330930e-01
2.968556705067291190e-01
2.992320458637450220e-01
3.016145699580133344e-01
3.040029960657633090e-01
3.063970721837568911e-01
3.087965411214972922e-01
3.112011405982639256e-01
3.136106033449178598e-01
3.160246572104123963e-01
3.184430252729308908e-01
3.208654259555716592e-01
3.232915731464786613e-01
3.257211763233166524e-01
3.281539406809889092e-01
3.305895672657096496e-01
3.330277531129355872e-01
3.354681913856256137e-01
3.379105715198424953e-01
3.403545793715724299e-01
3.427998973681663508e-01
3.452462046619611535e-01
3.476931772872395854e-01
3.501404883197519746e-01
3.525878080387313540e-01
3.550348040944499850e-01
3.574811416727486924e-01
3.599264836646549615e-01
3.623704908246754286e-01
3.648128170883840893e-01
3.672531287402813760e-01
3.696910727130586216e-01
3.721263092243063397e-01
3.745584934469681215e-01
3.769872692044916040e-01
3.794122931408660526e-01
3.818332108119525947e-01
3.842496751577105796e-01
3.866613325101960208e-01
3.890678222457706892e-01
3.914688231764884563e-01
3.938639492130842634e-01
3.962528834175186310e-01
3.986352446646008185e-01
4.010107049404493251e-01
4.033788990404567620e-01
4.057394939332133466e-01
4.080921296365533357e-01
4.104364727198016038e-01
4.127721680481461486e-01
4.150988827350071131e-01
4.174162678810617311e-01
4.197239924690965296e-01
4.220217119025735375e-01
4.243091016178286434e-01
4.265858154088928988e-01
4.288515374500517785e-01
4.311059259699866475e-01
4.333486705216679225e-01
4.355794320632174754e-01
4.377979083812165717e-01
4.400037716997390325e-01
4.421967178869507520e-01
4.443764261053902986e-01
4.465426032094505504e-01
4.486949331432885102e-01
4.508331285075664052e-01
4.529568777602347995e-01
4.550659060946450341e-01
4.571598872520101775e-01
4.592385831174571331e-01
4.613016673620426999e-01
4.633489544834762386e-01
4.653800347429778439e-01
4.673948016658208138e-01
4.693927728169715041e-01
4.713739866991281113e-01
4.733377719011545581e-01
4.752844611820004062e-01
4.772129725472388229e-01
4.791242677569639286e-01
4.810163431556091496e-01
4.828915809939712256e-01
4.847458207414369613e-01
4.865848145081562715e-01
4.883991357532644351e-01
4.902029167200653847e-01
4.919733189701399612e-01
4.937462396007162857e-01
4.954631703081449068e-01
4.972191681716762179e-01
4.988566388164785703e-01
5.006384259110636670e-01
5.021200788289896799e-01
5.040586953800966219e-01
5.051567486373416127e-01
5.076264027486119268e-01
5.078128283752114669e-01
5.112759111937461576e-01
5.106376539559751571e-01
5.143934074259317590e-01
5.136253032392016360e-01
5.173872052091066376e-01
5.165293532611887617e-01
5.202915866111237353e-01
5.193453254033408850e-01
5.231054115717912456e-01
5.220721293886975145e-01
5.258277888743383421e-01
5.247087818675250093e-01
5.284579289645672251e-01
5.272543224174922605e-01
5.309950778973130392e-01
5.297084819729895866e-01
5.334382803525106187e-01
5.320695040118105235e-01
5.357864156577956116e-01
5.343371277587523061e-01
5.380391706993113976e-01
5.365106132696049190e-01
5.401958374093651649e-01
5.385897890697146639e-01
5.422561131630185827e-01
5.405731438487153540e-01
5.442192475756665315e-01
5.424612385300657813e-01
5.460847762766317670e-01
5.442531798973574420e-01
5.478526314487424109e-01
5.459487855871352213e-01
5.495223501905146524e-01
5.475472461933008628e-01
5.510934150733586279e-01
5.490489562183011873e-01
5.525664651914536929e-01
5.504541763007890776e-01
5.539409288722985103e-01
5.517619353477196675e-01
5.552165060508125194e-01
5.529724023483069129e-01
5.563932522983654483e-01
5.540857896636866009e-01
5.574715538443808516e-01
5.551018382078738433e-01
5.584514076828093199e-01
5.560213998001906077e-01
5.593333289671338360e-01
5.568438842605943906e-01
5.601164819993394994e-01
5.575693516664055327e-01
5.608016572864945593e-01
5.581986776906153747e-01
5.613898504666905431e-01
5.587325286373112654e-01
5.618809946907266095e-01
5.591705064399626890e-01
5.622753736992941453e-01
5.595134750834670490e-01
5.625735400779801054e-01
5.597618015791181456e-01
5.627763992789828196e-01
5.599163605515202757e-01
5.628842683450644424e-01
5.599775807435166675e-01
5.628980034217725414e-01
5.599460988459947774e-01
5.628181508160758906e-01
5.598223576736793827e-01
5.626453011486707290e-01
5.596074574466547435e-01
5.623804859391454691e-01
5.593020418101721791e-01
5.620247792450865365e-01
5.589073972827220960e-01
5.615788626055582267e-01
5.584240614599672581e-01
5.610439945697367481e-01
5.578534699072891234e-01
5.604212569568646218e-01
5.571960121534123012e-01
5.597108657251562702e-01
5.564526459765961608e-01
5.589143426069513865e-01
5.556250887566587249e-01
5.580334405779614482e-01
5.547142527983700555e-01
5.570688819357949573e-01
5.537213055434453413e-01
5.560220361296976943e-01
5.526473595720322596e-01
5.548938258723883354e-01
5.514937231834056153e-01
5.536859828777058734e-01
5.502619588803427941e-01
5.523998932157736519e-01
5.489534724071339911e-01
5.510370027975296514e-01
5.475694232876837653e-01
5.495986290299157417e-01
5.461115144160229029e-01
5.480864340796753886e-01
5.445807655070691311e-01
5.465016639403164067e-01
5.429794315903845314e-01
5.448463490356342254e-01
5.413083377110305960e-01
5.431214797419899876e-01
5.395693824054033083e-01
5.413291829675863642e-01
5.377640182934836366e-01
5.394708258712016535e-01
5.358939948909868800e-01
5.375482363217110038e-01
5.339611715652391455e-01
5.355629870997409281e-01
5.319664072943488531e-01
5.335166557091692852e-01
5.299124324122050922e-01
5.314115631381362004e-01
5.278003381231636260e-01
5.292488330643824179e-01
5.256318931145671502e-01
5.270305730029464231e-01
5.234092772833447427e-01
5.247589801604883863e-01
5.211342809769659024e-01
5.224351431097173926e-01
5.188076718268019860e-01
5.200611613604878558e-01
5.164323390588184681e-01
5.176390071648837576e-01
5.140094724732455767e-01
5.151703313741931023e-01
5.115415977567431272e-01
5.126570167300865677e-01
5.090297548004465433e-01
5.101008470322186961e-01
5.064757182254707724e-01
5.075036832253776442e-01
5.038816413543605321e-01
5.048673370031692142e-01
5.012489019471115803e-01
5.021935759994785586e-01
4.985799930923616730e-01
4.994842223646102641e-01
4.958754987984241858e-01
4.967410138958791022e-01
4.931386289169374937e-01
4.939657243460328084e-01
4.903696787548792457e-01
4.911600496096673041e-01
4.875712680984825020e-01
4.883256918655269896e-01
4.847447025946579058e-01
4.854643211891910282e-01
4.818915466639606127e-01
4.825775809812843375e-01
4.790133901484996959e-01
4.796670739734730793e-01
4.761118400289429120e-01
4.767343474536406278e-01
4.731883738177868892e-01
4.737809607298416603e-01
4.702444452031268596e-01
4.708083641640300465e-01
4.672817429203750539e-01
4.678179880581664896e-01
4.643013004140409405e-01
4.648112943752666926e-01
4.613047801264564818e-01
4.617896266092895718e-01
4.582935549115877416e-01
4.587542849861920846e-01
4.552686793500537177e-01
4.557064722999403794e-01
4.522313574220904187e-01
4.526472886444852239e-01
4.491826539886447645e-01
4.495779299325067258e-01
4.461237058570574066e-01
4.464994614797104799e-01
4.430555384038306621e-01
4.434128760260911406e-01
4.399791952551382890e-01
4.403190856516751017e-01
4.368954753925177181e-01
4.372190077975464106e-01
4.338052903715646225e-01
4.341134240062035632e-01
4.307093438540807728e-01
4.310030876655940313e-01
4.276083114472851721e-01
4.278886634249531862e-01
4.245026544023597914e-01
4.247708355015881732e-01
4.213933644131250267e-01
4.216499789610365090e-01
4.182809259081211595e-01
4.185266192024825749e-01
4.151654736655542299e-01
4.154012140473140602e-01
4.120473344078128264e-01
4.122741071193316009e-01
4.089272244257028954e-01
4.091456154051209548e-01
4.058047093511397696e-01
4.060155782518597434e-01
4.026805143843967816e-01
4.028843182580641447e-01
3.995547217391233752e-01
3.997519336033092952e-01
3.964269845350715804e-01
3.966181958821114462e-01
3.932974307344149767e-01
3.934834301646738530e-01
3.901659626116298352e-01
3.903469218861639334e-01
3.870325905654862231e-01
3.872087444187702898e-01
3.838968302323875204e-01
3.840687543642374857e-01
3.807583624411768897e-01
3.809264043081207474e-01
3.776171037674298514e-01
3.777813486929645359e-01
3.744721966784171352e-01
3.746331140254114400e-01
3.713237082263439737e-01
3.714811849712185143e-01
3.681706347076642016e-01
3.683245769280219517e-01
3.650123283992798284e-01
3.651628753749902589e-01
3.618482875222129302e-01
3.619952202167282529e-01
3.586779411829189024e-01
3.588212803926065786e-01
3.555004623790432028e-01
3.556400391062289335e-01
3.523151553447664841e-01
3.524506505922949673e-01
3.491211752524223111e-01
3.492522875060770082e-01
3.459176837502708213e-01
3.460440026262978641e-01
3.427037738187900251e-01
3.428248444189321842e-01
3.394785207721856546e-01
3.395938073891213715e-01
3.362409650330591138e-01
3.363497892097176978e-01
3.329900896197378057e-01
3.330917322803854663e-01
3.297248669021302647e-01
3.298186322913583823e-01
3.264442212163288226e-01
3.265293203042266557e-01
3.231472520470728416e-01
3.232228258059114401e-01
3.198326584347088719e-01
3.198979327947166218e-01
3.164997456636383100e-01
3.165537342591551728e-01
3.131471541411997017e-01
3.131887860920539723e-01
3.097738326621114480e-01
3.098015018210117377e-01
3.063783301899734024e-01
3.063914977442336873e-01
3.029603319265505301e-01
3.029575935669222564e-01
2.995185189573055240e-01
2.994982656023366663e-01
2.960516496099864781e-01
2.960127088139902218e-01
2.925587083312622405e-01
2.924995654938087331e-01
2.890387438488158378e-01
2.889579414154910264e-01
2.854908080776656920e-01
2.853867876391733005e-01
2.819137674006733096e-01
2.817848188574374468e-01
2.783067030184758761e-01
2.781510125128214828e-01
2.746687172004400601e-01
2.744848461950449292e-01
2.709992195628361800e-01
2.707850283994184259e-01
2.672970139127386346e-01
2.670508603210704490e-01
2.635616843842585877e-01
2.632812194633601943e-01
2.597920939150772934e-01
2.594755271650761030e-01
2.559880488317042291e-01
2.556331447361818165e-01
2.521486501303271122e-01
2.517532871954427098e-01
2.482734218888461575e-01
2.478356533450201682e-01
2.443620650503236513e-01
2.438792249257036304e-01
2.404137099160935931e-01
2.398834838634776312e-01
2.364283199308690464e-01
2.358480292750738117e-01
2.324059982021323689e-01
2.317730045724658017e-01
2.283459021550004464e-01
2.276577075875010348e-01
2.242482284717012275e-01
2.235021700265927835e-01
2.201129380767765653e-01
2.193058728938770963e-01
2.159402364108512495e-01
2.150693119178461177e-01
2.117300505590052062e-01
2.107919792370586409e-01
2.074829096544657525e-01
2.064741926668939298e-01
2.031993695570942504e-01
2.021161604555804514e-01
1.988794977804334008e-01
1.977182155900440719e-01
1.945239568115381124e-01
1.932807173991872851e-01
1.901332202480429667e-01
1.888041017378994657e-01
1.857081105508197050e-01
1.842890591203069639e-01
1.812492522068448464e-01
1.797363771013330558e-01
1.767578702673153757e-01
1.751469230754282291e-01
1.722343350159977471e-01
1.705222279420855747e-01
1.676791774814697655e-01
1.658639956064851539e-01
1.630924979314617718e-01
1.611743386891598961e-01
1.584743162525850679e-01
1.564560523073528220e-01
1.538241952296879600e-01
1.517122347584814457e-01
1.491416848412892848e-01
1.469460683530109946e-01
1.444265595831949189e-01
1.421603764530843528e-01
1.396794256252063271e-01
1.373571812263033598e-01
1.349018309040599661e-01
1.325376146638974073e-01
1.300962834675137014e-01
1.277021377689385728e-01
1.252659365304463757e-01
1.228509748576791794e-01
1.204140094657540905e-01
1.179845401433415042e-01
1.155435547668845764e-01
1.131036381623946874e-01
1.106573031554179964e-01
1.082095053542025120e-01
1.057576914597227469e-01
1.033037290434961619e-01
1.008469596874791430e-01
9.838813537426155387e-02
9.592724897963106345e-02
9.346469592328915388e-02
9.100066984503882295e-02
8.853546733660949686e-02
8.606933860963497662e-02
8.360255812076072823e-02
8.113539195717162089e-02
7.866811209352314593e-02
7.620099007284747428e-02
7.373429941498613194e-02
7.126831445713369129e-02
6.880331060102420904e-02
6.633956402821442055e-02
6.387735161089685976e-02
6.141695075495040568e-02
5.895863926743963312e-02
5.650269521784292981e-02
5.404939680299994387e-02
5.159902221290652014e-02
4.915184949839287998e-02
4.670815644050554938e-02
4.426822042182967931e-02
4.183231829982192451e-02
3.940072628226848339e-02
3.697371980496311217e-02
3.455157341169556862e-02
3.213456063663339135e-02
2.972295388917312042e-02
2.731702434133387314e-02
2.491704181774351268e-02
2.252327466834008751e-02
2.013598972608449111e-02
1.775545213727525162e-02
1.538192528432713591e-02
1.301567072719145290e-02
1.065694802289335330e-02
8.306014710678155666e-03
5.963126199957702323e-03
3.628535685564482360e-03
1.302494065694159708e-03
-1.014750137452391510e-03
-3.322950854022121980e-03
-5.621864540140186772e-03
-7.911250248773926685e-03
-1.019086969765276018e-02
-1.246048733329180314e-02
-1.471987039531241770e-02
-1.696878897542009046e-02
-1.920701607426583690e-02
-2.143432765562230946e-02
-2.365050269787133397e-02
-2.585532324291572870e-02
-2.804857444144387424e-02
-3.023004459732336890e-02
-3.239952520805322589e-02
-3.455681100246771331e-02
-3.670169997630412517e-02
-3.883399342511995034e-02
-4.095349597470293590e-02
-4.306001560888844670e-02
-4.515336369480493772e-02
-4.723335500552133803e-02
-4.929980774026521129e-02
-5.135254354184787262e-02
-5.339138751198746480e-02
-5.541616822360317940e-02
-5.742671773069984997e-02
-5.942287157585002255e-02
-6.140446879492622578e-02
-6.337135191939363699e-02
-6.532336697583024376e-02
-6.726036348371072782e-02
-6.918219445032369741e-02
-7.108871636326397070e-02
-7.297978918061465148e-02
-7.485527631882493704e-02
-7.671504463890144176e-02
-7.855896442930243584e-02
-8.038690938620685067e-02
-8.219875659363901077e-02
-8.399438650032736708e-02
-8.577368289503661813e-02
-8.753653287989032750e-02
-8.928282684186955587e-02
-9.101245842257554841e-02
-9.272532448658404869e-02
-9.442132508883932518e-02
-9.610036343815991922e-02
-9.776234586170057250e-02
-9.940718176772095349e-02
-1.010347836071419092e-01
-1.026450668340685435e-01
-1.042379498654034675e-01
-1.058133540395191918e-01
-1.073712035746731130e-01
-1.089114255263972653e-01
-1.104339497444987162e-01
-1.119387088297001398e-01
-1.134256380899967276e-01
-1.148946754968243056e-01
-1.163457616411278095e-01
-1.177788396893971190e-01
-1.191938553398297906e-01
-1.205907567786740353e-01
-1.219694946367360089e-01
-1.233300219462324931e-01
-1.246722940980257155e-01
-1.259962687993005925e-01
-1.273019060317647777e-01
-1.285891680104259693e-01
-1.298580191430012132e-01
-1.311084259900086590e-01
-1.323403572255882898e-01
-1.335537835990951439e-01
-1.347486778975042765e-01
-1.359250149086542736e-01
-1.370827713854009811e-01
-1.382219260107683811e-01
-1.393424593637622722e-01
-1.404443538863340279e-01
-1.415275938512856047e-01
-1.425921653311286730e-01
-1.436380561679263534e-01
-1.446652559441342634e-01
-1.456737559544424299e-01
-1.466635491786230650e-01
-1.476346302553853129e-01
-1.485869954572346940e-01
-1.495206426663373001e-01
-1.504355713515848625e-01
-1.513317825463328936e-01
-1.522092788267797037e-01
-1.530680642921591894e-01
-1.539081445455344754e-01
-1.547295266755358001e-01
-1.555322192390417579e-01
-1.563162322447865793e-01
-1.570815771378872294e-01
-1.578282667852815013e-01
-1.585563154620284188e-01
-1.592657388385017025e-01
-1.599565539684603688e-01
-1.606287792778862689e-01
-1.612824345546647886e-01
-1.619175409390596343e-01
-1.625341209149303578e-01
-1.631321983017888222e-01
-1.637117982475234101e-01
-1.642729472219383591e-01
-1.648156730108984447e-01
-1.653400047111766580e-01
-1.658459726084223207e-01
-1.663336085368501971e-01
-1.668029454946032830e-01
-1.672540177810941109e-01
-1.676868609889859973e-01
-1.681015120024137999e-01
-1.684980089954736249e-01
-1.688763914329391991e-01
-1.692367000712147740e-01
-1.695789769580366979e-01
-1.699032654330924208e-01
-1.702096101291302732e-01
-1.704980569740676688e-01
-1.707686533972165299e-01
-1.710214477130468369e-01
-1.712564897643753525e-01
-1.714738306752204289e-01
-1.716735228779683875e-01
-1.718556201141676065e-01
-1.720201774381806548e-01
-1.721672512207369499e-01
-1.722968991526694360e-01
-1.724091802487755509e-01
-1.725041548517829426e-01
-1.725818846364036152e-01
-1.726424326133887410e-01
-1.726858631336714578e-01
-1.727122418924841862e-01
-1.727216359334548534e-01
-1.727141136526547105e-01
-1.726897448025688786e-01
-1.726486004959686404e-01
-1.725907532096565000e-01
-1.725162767880592529e-01
-1.724252464466444756e-01
-1.723177387751340661e-01
-1.721938317404881347e-01
-1.720536046896367632e-01
-1.718971383519299345e-01
-1.717245148412834821e-01
-1.715358176579941385e-01
-1.713311316901983683e-01
-1.711105432149493955e-01
-1.708741398988883886e-01
-1.706220107984832701e-01
-1.703542463598106127e-01
-1.700709384178561989e-01
-1.697721801953099297e-01
-1.694580663008288246e-01
-1.691286927267457441e-01
-1.687841568461991848e-01
-1.684245574096601139e-01
-1.680499945408325813e-01
-1.676605697319044630e-01
-1.672563858381271307e-01
-1.668375470716990105e-01
-1.664041589949331601e-01
-1.659563285126856580e-01
-1.654941638640250456e-01
-1.650177746131206158e-01
-1.645272716393300083e-01
-1.640227671264660181e-01
-1.635043745512249624e-01
-1.629722086707555140e-01
-1.624263855093517339e-01
-1.618670223442535971e-01
-1.612942376905370789e-01
-1.607081512850786487e-01
-1.601088840695791826e-01
-1.594965581726341397e-01
-1.588712968908333467e-01
-1.582332246688831212e-01
-1.575824670787345227e-01
-1.569191507977092392e-01
-1.562434035856136716e-01
-1.555553542608326678e-01
-1.548551326753935253e-01
-1.541428696889975414e-01
-1.534186971420095080e-01
-1.526827478274049299e-01
-1.519351554616690803e-01
-1.511760546546482287e-01
-1.504055808783507642e-01
-1.496238704347009341e-01
-1.488310604222455868e-01
-1.480272887018181383e-01
-1.472126938611638680e-01
-1.463874151785340971e-01
-1.455515925852544634e-01
-1.447053666272777317e-01
-1.438488784257308528e-01
-1.429822696364673185e-01
-1.421056824086394665e-01
-1.412192593423036158e-01
-1.403231434450876725e-01
-1.394174780878782438e-01
-1.385024069596492158e-01
-1.375780740213644604e-01
-1.366446234590161235e-01
-1.357021996358076521e-01
-1.347509470434992140e-01
-1.337910102529963341e-01
-1.328225338641108588e-01
-1.318456624546025524e-01
-1.308605405284971601e-01
-1.298673124637189646e-01
-1.288661224590692544e-01
-1.278571144805822346e-01
-1.268404322072937407e-01
-1.258162189764575611e-01
-1.247846177282455615e-01
-1.237457709499682479e-01
-1.226998206198555708e-01
-1.216469081504349403e-01
-1.205871743315485300e-01
-1.195207592730487267e-01
-1.184478023472144148e-01
-1.173684421309303394e-01
-1.162828163476718468e-01
-1.151910618093387462e-01
-1.140933143579817566e-01
-1.129897088074676703e-01
-1.118803788851256420e-01
-1.107654571734221771e-01
-1.096450750519125661e-01
-1.085193626389056587e-01
-1.073884487332217863e-01
-1.062524607568038904e-01
-1.051115246970887873e-01
-1.039657650498569952e-01
-1.028153047623724947e-01
-1.016602651769370480e-01
-1.005007659747346738e-01
-9.933692512042802125e-02
-9.816885880824249844e-02
-9.699668140598660671e-02
-9.582050540172715181e-02
-9.464044135090721177e-02
-9.345659782390031145e-02
-9.226908135444883419e-02
-9.107799638887797977e-02
-8.988344523575669820e-02
-8.868552801762030757e-02
-8.748434262294135788e-02
-8.627998465888009338e-02
-8.507254740561936979e-02
-8.386212177020130332e-02
-8.264879624051879592e-02
-8.143265684661155079e-02
-8.021378711769167058e-02
-7.899226804313880246e-02
-7.776817803383384575e-02
-7.654159285346617825e-02
-7.531258559661407892e-02
-7.408122668186911675e-02
-7.284758378948058555e-02
-7.161172184010478059e-02
-7.037370295836775647e-02
-6.913358644485956273e-02
-6.789142874603953937e-02
-6.664728342738762690e-02
-6.540120114711484023e-02
-6.415322963185132732e-02
-6.290341365360052617e-02
-6.165179500836304172e-02
-6.039841249624094965e-02
-5.914330190314637248e-02
-5.788649598406847563e-02
-5.662802444769460264e-02
-5.536791394302753577e-02
-5.410618804940181548e-02
-5.284286726325809758e-02
-5.157796898938415975e-02
-5.031150753588492508e-02
-4.904349410765740380e-02
-4.777393680348079874e-02
-4.650284061362125465e-02
-4.523020741988043047e-02
-4.395603599688779894e-02
-4.268032201525212566e-02
-4.140305804559057945e-02
-4.012423356382610606e-02
-3.884383496001730940e-02
-3.756184554761599070e-02
-3.627824558029224544e-02
-3.499301226693224409e-02
-3.370612298914149596e-02
-3.241754287248516109e-02
-3.112724534482202987e-02
-2.983519160199132880e-02
-2.854134247585404793e-02
-2.724566202128825276e-02
-2.594810297200089710e-02
-2.464862147434382367e-02
-2.334716602584491207e-02
-2.204368595689626398e-02
-2.073812495590049432e-02
-1.943042617859375154e-02
-1.812053423725357160e-02
-1.680836992742351654e-02
-1.549388632641995889e-02
-1.417699890025642118e-02
-1.285764771248126825e-02
-1.153575175674076414e-02
-1.021123959373343437e-02
-8.884030977394541395e-03
-7.554044669296267056e-03
-6.221197577955472902e-03
-4.885403454638226339e-03
-3.546574619375464366e-03
-2.204620418263858461e-03
-8.594487033534714548e-04
4.890354078362912915e-04
1.840928295100296985e-03
3.196328557570737861e-03
4.555337217470700750e-03
5.918056385125936014e-03
7.284590773321053536e-03
8.655046123502485589e-03
1.002953061153732950e-02
1.140815334712791396e-02
1.279102656062675036e-02
1.417826060440036118e-02
1.556997176448166043e-02
1.696627314380683149e-02
1.836728384924485313e-02
1.977311950307936161e-02
2.118390152650589942e-02
2.259974774146428222e-02
2.402078198268281506e-02
2.544712326747999853e-02
2.687889900285550526e-02
2.831622706908654141e-02
2.975923965537274896e-02
3.120805446319552257e-02
3.266280487140715838e-02
3.412360881123549516e-02
3.559060232510602440e-02
3.706390131781805986e-02
3.854364738008514424e-02
4.002995032133888076e-02
4.152295914954029499e-02
4.302277516330313412e-02
4.452955701726099558e-02
4.604339453097439083e-02
4.756445966470373987e-02
4.909282443671969531e-02
5.062868093413266934e-02
5.217207427571185496e-02
5.372322858311859295e-02
5.528214440571341259e-02
5.684909842925697787e-02
5.842402244327304928e-02
6.000727865967550589e-02
6.159868190316034053e-02
6.319874010788054108e-02
6.480706917376391485e-02
6.642444102559763586e-02
6.805011478643580025e-02
6.968532119562403926e-02
7.132870504809266099e-02
7.298231195788604242e-02
7.464368513854147125e-02
7.631634323302027845e-02
7.799582830453286042e-02
7.968836568689119382e-02
8.138580128362815636e-02
8.309939972494601035e-02
8.481408670867032762e-02
8.655063393788381410e-02
8.828083839167821800e-02
9.004362262828091712e-02
9.178559200296632081e-02
9.358068334142299882e-02
9.532670356274933199e-02
9.716565514659333824e-02
9.890034587625307072e-02
1.008050766433062073e-01
1.024993960584110186e-01
1.045083699479885386e-01
1.061163448701860079e-01
1.082769197192946509e-01
1.097662692106732840e-01
1.120757893508966818e-01
1.134932918824398673e-01
1.158796769651117831e-01
1.172927019701930917e-01
1.197118417278779379e-01
1.211435076180408243e-01
1.235853459497022189e-01
1.250398822973560475e-01
1.275026122307342802e-01
1.289809590563006370e-01
1.314641197638720116e-01
1.329666135158202311e-01
1.354699299730618145e-01
1.369967706620756898e-01
1.395199703726364981e-01
1.410712975384336432e-01
1.436140801628583707e-01
1.451899616282680827e-01
1.477519019470894535e-01
1.493523180850703791e-01
1.519331552287457865e-01
1.535580500319888575e-01
1.561573901247987894e-01
1.578067741191198636e-01
1.604241352356064465e-01
1.620977825434973818e-01
1.647327163052313415e-01
1.664304161963842399e-01
1.690824054236054197e-01
1.708038993545023532e-01
1.734723806241652566e-01
1.752173572318987960e-01
1.779018163008129760e-01
1.796697689480526994e-01
1.823695006165020338e-01
1.841601521837116229e-01
1.868744427576684852e-01
1.886873361791938097e-01
1.914153142328915425e-01
1.932499684811695428e-01
1.959908712481351345e-01
1.978468003259718500e-01
2.005997679637864239e-01
2.024762840551198873e-01
2.052404743136154730e-01
2.071368031946654309e-01
2.099112399262927919e-01
2.118267728198962030e-01
2.146104541669124899e-01
2.165444105343263814e-01
2.193362798100439992e-01
2.212877814582671077e-01
2.240868122067644630e-01
2.260551502338005170e-01
2.288601527576327455e-01
2.308443008695486298e-01
2.336541772235672665e-01
2.356532101948963231e-01
2.384666774427159630e-01
2.404797555142702270e-01
2.432955774046739461e-01
2.453214259198351344e-01
2.481383968085651703e-01
2.501760386947500248e-01
2.529928926814317691e-01
2.550410433755678774e-01
2.578566292725548159e-01
2.599139706365211633e-01
2.627269725731732342e-01
2.647922593937669933e-01
2.676013975713896764e-01
2.696732422392728590e-01
2.724774259547194100e-01
2.745541632555297262e-01
2.773523091354906933e-01
2.794323515895114629e-01
2.822233149576138245e-01
2.843050101431757737e-01
2.870877197454047014e-01
2.891693176533458032e-01
2.919428369391122713e-01
2.940222306166883071e-01
2.967857199637162213e-01
2.988610310588802332e-01
3.016136521921267133e-01
3.036826979599169807e-01
3.064237795911670670e-01
3.084842837185627906e-01
3.112132732667267643e-01
3.132627214205542243e-01
3.159792421343142754e-01
3.180151266998249571e-01
3.207188459660194613e-01
3.227385046672530677e-01
3.254292523542352544e-01
3.274298676745465153e-01
3.301076373363981409e-01
3.320862423702406474e-01
3.347511902956344931e-01
3.367046754146253429e-01
3.393571170083333755e-01
3.412822411612027595e-01
3.439226418481456937e-01
3.458160511357648570e-01
3.484450099048194693e-01
3.503031700051599251e-01
3.529214721803681787e-01
3.547409547123334672e-01
3.573493858969647441e-01
3.591265915971708633e-01
3.617260174395074412e-01
3.634574216223658838e-01
3.660486818047348212e-01
3.677308509443749096e-01
3.703148037419130012e-01
3.719445288597931776e-01
3.745216642492807391e-01
3.760958026325534331e-01
3.786667965631366206e-01
3.801824598227566687e-01
3.827476556263015306e-01
3.842023393638285822e-01
3.867616879627808757e-01
3.881531063508709689e-01
3.907065865108127478e-01
3.920326580172408537e-01
3.945800005071524730e-01
3.958388139409077522e-01
3.983796855235531842e-01
3.995698218739329732e-01
4.021033975719068287e-01
4.032234363045284486e-01
4.057492325442116909e-01
4.067978975209676218e-01
4.093150644391368442e-01
4.102913094734028654e-01
4.127991555598878315e-01
4.137020394996029360e-01
4.161996667471413724e-01
4.170279941940878699e-01
4.195148657344448528e-01
4.202679301277730817e-01
4.227430512735472767e-01
4.234201898755036719e-01
4.258827104296208921e-01
4.264835693455194532e-01
4.289322566532173253e-01
4.294561849803717468e-01
4.318905085159813195e-01
4.323371760613344827e-01
4.347559460868511416e-01
4.351251267560358738e-01
4.375274061186669172e-01
4.378188969832730870e-01
4.402036773338247611e-01
4.404175094143210623e-01
4.427839190269259317e-01
4.429196301942028846e-01
4.452668237412511498e-01
4.453245412546347759e-01
4.476514126599190901e-01
4.476316370715602844e-01
4.499372000179652220e-01
4.498398664333355113e-01
4.521231994420173983e-01
4.519487518381074542e-01
4.542088894604827676e-01
4.539574808073321144e-01
4.561935303153978882e-01
4.558656783257241107e-01
4.580766144252533256e-01
4.576728174370238711e-01
4.598576306754618148e-01
4.593784392230373936e-01
4.615361937699513639e-01
4.609822154293651275e-01
4.631119732931585076e-01
4.624838630004500240e-01
4.645847656777707946e-01
4.638831871814876884e-01
4.659542829466261638e-01
4.651801958096423162e-01
4.672204939307067484e-01
4.663746201320645990e-01
4.683831807642984124e-01
4.674665181012752635e-01
4.694426057148908815e-01
4.684560402768096488e-01
4.703986834265212469e-01
4.693431702990562560e-01
4.712515833264173670e-01
4.701281095175287028e-01
4.720014887909937951e-01
4.708110995418847144e-01
4.726486858072931341e-01
4.713924715804134746e-01
4.731935078568874631e-01
4.718725723516049575e-01
4.736363217061578812e-01
4.722518226263193730e-01
4.739775892521027600e-01
4.725307122978347207e-01
4.742178214296894900e-01
4.727097167998136062e-01
4.743575216562699870e-01
4.727894280750751799e-01
4.743973103851924500e-01
4.727706347258120445e-01
4.743380019782158508e-01
4.726539901718270764e-01
4.741803759932846640e-01
4.724402711605844019e-01
4.739251199007638027e-01
4.721302781222866951e-01
4.735731046579823023e-01
4.717248644773509580e-01
4.731252291359352435e-01
4.712249378518503229e-01
4.725824294653429014e-01
4.706314459647781834e-01
4.719456947616991194e-01
4.699453907508139849e-01
4.712160810089467411e-01
4.691678583331257979e-01
4.703947144003284286e-01
4.682999228550407400e-01
4.694826827188204321e-01
4.673425982048792227e-01
4.684811386972187464e-01
4.662973648800787796e-01
4.673915601753555471e-01
4.651654929265967575e-01
4.662152639726394598e-01
4.639481832373846260e-01
4.649535032977234472e-01
4.626467886623337744e-01
4.636076718866600777e-01
4.612626968963385865e-01
4.621792134465443347e-01
4.597973459102218663e-01
4.606696182918504912e-01
4.582522001715546023e-01
4.590803907984449816e-01
4.566287685890363379e-01
4.574130865917606092e-01
4.549286003394066302e-01
4.556693029100922221e-01
4.531532836395204544e-01
4.538507220241333462e-01
4.513044316027515768e-01
4.519589324428338051e-01
4.493837051094635715e-01
4.499957065613334750e-01
4.473927774622391551e-01
4.479627556650657150e-01
4.453333655690963067e-01
4.458618154585421434e-01
4.432072262917526873e-01
4.436945564492623673e-01
4.410161147910339752e-01
4.414630483812853612e-01
4.387618114398218472e-01
4.391689812285907157e-01
4.364461501892825113e-01
4.368141961451418309e-01
4.340709989071321329e-01
4.344005614530752624e-01
4.316382327698186083e-01
4.319300101880408360e-01
4.291495698729457242e-01
4.294043981768558282e-01
4.266069871019195769e-01
4.268256684925252342e-01
4.240123287883609260e-01
4.241957274553173063e-01
4.213675018532032635e-01
4.215164921100623685e-01
4.186744035531331232e-01
4.187898836172609940e-01
4.159349295609587327e-01
4.160178218776814374e-01
4.131509733186523592e-01
4.132022226706617007e-01
4.103244240007050125e-01
4.103449851915438873e-01
4.074571721392652446e-01
4.074479606932804865e-01
4.045510990450225108e-01
4.045131124203461548e-01
4.016080497656797088e-01
4.015422507717521516e-01
3.986298725311208102e-01
3.985372475762203326e-01
3.956183720878568844e-01
3.954999273790684167e-01
3.925753407185119115e-01
3.924320923180225629e-01
3.895024075189384982e-01
3.893355442756822882e-01
3.864017706698339438e-01
3.862119408049663472e-01
3.832745671568252299e-01
3.830630158327730239e-01
3.801228751977626663e-01
3.798903963988282118e-01
3.769484273396935259e-01
3.766958112205300302e-01
3.737524192834847381e-01
3.734810430971359230e-01
3.705366857279264181e-01
3.702469197064531814e-01
3.673024793283411471e-01
3.669956050449846297e-01
3.640516121673675887e-01
3.637281409550771061e-01
3.607852050545705680e-01
3.604460960475395215e-01
3.575048770841103840e-01
3.571507966662316735e-01
3.542116462638802421e-01
3.538435413137018815e-01
3.509071581894889214e-01
3.505253716588952462e-01
3.475921808846335059e-01
3.471975843175003629e-01
3.442679703589039408e-01
3.438614520612172099e-01
3.409355506999415253e-01
3.405176256009422864e-01
3.375961744399163522e-01
3.371671265595710398e-01
3.342504178939726400e-01
3.338111068329693287e-01
3.308994597154217843e-01
3.304501128369690122e-01
3.275439261205191355e-01
3.270850944476333400e-01
3.241845879471599856e-01
3.237165212142121273e-01
3.208219467065646091e-01
3.203452502739650432e-01
3.174567627203759845e-01
3.169713902516327897e-01
3.140892542816752786e-01
3.135957633357326912e-01
3.107202216286867880e-01
3.102187384326967057e-01
3.073498127153999615e-01
3.068404874800663151e-01
3.039783330146532125e-01
