4.708004776987110840e-01
4.708004776987110840e-01
4.706850056909088198e-01
4.704613294219192610e-01
4.701353617636722659e-01
4.697129738242768471e-01
4.691996093424216641e-01
4.686005549953300986e-01
4.679207859438340167e-01
4.671650858033308817e-01
4.663379863220745714e-01
4.654438247543644103e-01
4.644867222731807188e-01
4.634706143997043282e-01
4.623992455282917025e-01
4.612761871778878198e-01
4.601048392282094390e-01
4.588884422924160433e-01
4.576300816663293469e-01
4.563326966173226751e-01
4.549990853073596631e-01
4.536319122981046226e-01
4.522337136794904455e-01
4.508069034305635658e-01
4.493537784154246761e-01
4.478765239355349537e-01
4.463772184503588258e-01
4.448578385110548150e-01
4.433202631539098215e-01
4.417662783319972197e-01
4.401975809719480548e-01
4.386157829813220332e-01
4.370224149788690116e-01
4.354189299335893271e-01
4.338067065872095451e-01
4.321870527679133600e-01
4.305612085269092115e-01
4.289303491615334973e-01
4.272955880883265722e-01
4.256579796045583119e-01
4.240185215194768875e-01
4.223781576792164372e-01
4.207377803765777746e-01
4.190982326611462083e-01
4.174603105464473884e-01
4.158247651246025356e-01
4.141923045881543142e-01
4.125635961665201634e-01
4.109392679782948865e-01
4.093199108050098456e-01
4.077060797883272358e-01
4.060982960551011711e-01
4.044970482725994132e-01
4.029027941375378230e-01
4.013159618012975827e-01
3.997369512344353115e-01
3.981661355328077190e-01
3.966038621680194054e-01
3.950504541844049866e-01
3.935062113449454557e-01
3.919714112281910134e-01
3.904463102783403139e-01
3.889311448104000313e-01
3.874261319723670827e-01
3.859314706662101968e-01
3.844473424294123642e-01
3.829739122787119698e-01
3.815113295176467689e-01
3.800597285094051148e-01
3.786192294164878458e-01
3.771899389084681919e-01
3.757719508392505237e-01
3.743653468950921548e-01
3.729701972146444167e-01
3.715865609821248361e-01
3.702144869947890382e-01
3.688540142057370463e-01
3.675051722431130763e-01
3.661679819066568919e-01
3.648424556425737819e-01
3.635285979976068393e-01
3.622264060531951713e-01
3.609358698405338850e-01
3.596569727373429837e-01
3.583896918470987347e-01
3.571339983614651992e-01
3.558898579066209766e-01
3.546572308741569035e-01
3.534360727371843591e-01
3.522263343522751278e-01
3.510279622478204020e-01
3.498408988993799706e-01
3.486650829925555528e-01
3.475004496739840243e-01
3.463469307908143002e-01
3.452044551192260391e-01
3.440729485824322031e-01
3.429523344585582723e-01
3.418425335789793684e-01
3.407434645173159637e-01
3.396550437698493408e-01
3.385771859270362283e-01
3.375098038369722664e-01
3.364528087613908314e-01
3.354061105238002605e-01
3.343696176509090012e-01
3.333432375067313380e-01
3.323268764206388504e-01
3.313204398086426750e-01
3.303238322891781098e-01
3.293369577925994718e-01
3.283597196657292994e-01
3.273920207705352525e-01
3.264337635783949310e-01
3.254848502588369996e-01
3.245451827644008080e-01
3.236146629103222594e-01
3.226931924507389637e-01
3.217806731498601414e-01
3.208770068504144812e-01
3.199820955371072695e-01
3.190958413979629316e-01
3.182181468806268287e-01
3.173489147472962069e-01
3.164880481243857457e-01
3.156354505521957732e-01
3.147910260277614891e-01
3.139546790491901107e-01
3.131263146524205787e-01
3.123058384517198860e-01
3.114931566705393395e-01
3.106881761788873320e-01
3.098908045177434789e-01
3.091009499345976352e-01
3.083185214007843067e-01
3.075434286470649647e-01
3.067755821722357723e-01
3.060148932815950906e-01
3.052612740838414052e-01
3.045146375371343139e-01
3.037748974287874937e-01
3.030419684369455857e-01
3.023157660830090854e-01
3.015962068230768622e-01
3.008832079545956661e-01
3.001766877632376929e-01
2.994765653492763580e-01
2.987827608778208521e-01
2.980951952605012112e-01
2.974137906007319754e-01
2.967384696013530831e-01
2.960691563787677394e-01
2.954057753540301756e-01
2.947482527875323610e-01
2.940965146725734169e-01
2.934504896474371405e-01
2.928101049401382605e-01
2.921752920281054378e-01
2.915459786655446583e-01
2.909221002158544067e-01
2.903035834857459752e-01
2.896903698528235926e-01
2.890823820064146732e-01
2.884795719723574070e-01
2.878818514217875713e-01
2.872891932367899193e-01
2.867014827830136614e-01
2.861187366429541745e-01
2.855407794345500849e-01
2.849677233139883414e-01
2.843992532769834547e-01
2.838356965398432519e-01
2.832764153086650971e-01
2.827222290841777674e-01
2.821717509961720882e-01
2.816269201874410655e-01
2.810846690736134024e-01
2.805492320528526484e-01
2.800144891660498181e-01
2.794877235169511698e-01
2.789601246788270261e-01
2.784406756003526273e-01
2.779199519494864878e-01
2.774073677306816976e-01
2.768933636265914489e-01
2.763874993630689447e-01
2.758800972979258415e-01
2.753808374164435913e-01
2.748799241468590226e-01
2.743871557063896627e-01
2.738926202785390007e-01
2.734062328817835064e-01
2.729179660252938899e-01
2.724378507280026396e-01
2.719557454712344668e-01
2.714817957461685971e-01
2.710057473558485919e-01
2.705378593812451937e-01
2.700677658162093375e-01
2.696058384955420939e-01
2.691415995692030272e-01
2.686855334416679009e-01
2.682270512996366429e-01
2.677767493232290352e-01
2.673239285027247947e-01
2.668792956769643343e-01
2.664320431448692350e-01
2.659929883012249752e-01
2.655512140526806730e-01
2.651176469798000035e-01
2.646812626444220440e-01
2.642530970361169906e-01
2.638220163787037276e-01
2.633991672271722706e-01
2.629733068573728572e-01
2.625556910960622492e-01
2.621349705361473714e-01
2.617225094465593926e-01
2.613068503178195279e-01
2.608994666249419003e-01
2.604887922626896168e-01
2.600864103623181101e-01
2.596806465964338617e-01
2.592831935632277651e-01
2.588822682300958022e-01
2.584896734330917045e-01
2.580935184247408753e-01
2.577057153154940772e-01
2.573142651566239225e-01
2.569311875383314403e-01
2.565443742168309615e-01
2.561690469741106924e-01
2.558033727632883503e-01
2.554813334166601280e-01
2.551533457759277979e-01
2.548673313306401012e-01
2.545739951988764682e-01
2.543265831273001099e-01
2.540703673692298326e-01
2.538585729287482495e-01
2.536365900940957818e-01
2.534628749761447253e-01
2.532774707405280878e-01
2.531389845529642968e-01
2.529873981627357438e-01
2.528864681444977780e-01
2.527709189211673202e-01
2.527046301614941370e-01
2.526222946076449594e-01
2.525927278613901983e-01
2.525455865125040278e-01
2.525504477535409631e-01
2.525362776736829185e-01
2.525773298204873063e-01
2.525978060235768430e-01
2.526722305165882698e-01
2.527246243013012705e-01
2.528346971464052739e-01
2.529211776756766783e-01
2.530640772834086838e-01
2.531819120106384435e-01
2.533590366815762773e-01
2.535095512411808527e-01
2.537177897947768823e-01
2.538979768387025215e-01
2.541340452744280110e-01
2.543438619425631986e-01
2.546076752584047198e-01
2.548533657221508375e-01
2.551508204172662220e-01
2.554261527345195182e-01
2.557513079593861649e-01
2.560614717067871693e-01
2.564192152221682064e-01
2.567581162974112985e-01
2.571426515419101833e-01
2.575153221255116476e-01
2.579313849035561601e-01
2.583319897482748706e-01
2.587740377507241618e-01
2.592075664407197944e-01
2.596802949198570021e-01
2.601411124339357839e-01
2.606391738113429390e-01
2.611314976044833980e-01
2.616588685088290234e-01
2.621779824190672570e-01
2.627301737741757348e-01
2.632795004520741555e-01
2.638597566270848294e-01
2.644350987087234484e-01
2.650394146681193108e-01
2.656436807061491878e-01
2.662748120494380366e-01
2.669049967211938323e-01
2.675600749016199265e-01
2.682170892588837119e-01
2.688969851238997011e-01
2.695791099053088669e-01
2.702821691830912254e-01
2.709878550099553696e-01
2.717126124841846568e-01
2.724381819543517658e-01
2.731811430183998524e-01
2.739232088832739831e-01
2.746811423310042688e-01
2.754366267892194298e-01
2.762066008812985585e-01
2.769727215518377195e-01
2.777520992208653006e-01
2.785263567060577983e-01
2.793127585357632059e-01
2.800928973921347764e-01
2.808841820758580243e-01
2.816681757698362709e-01
2.824624204478746736e-01
2.832484504563413941e-01
2.840439308695908993e-01
2.848303688500534725e-01
2.856255425406625803e-01
2.864109336063874744e-01
2.872044240454770803e-01
2.879874733446384782e-01
2.887780584007794138e-01
2.895576159604220656e-01
2.903442093529113865e-01
2.911192560516564498e-01
2.919008976415714551e-01
2.926705347826703552e-01
2.934463795235841554e-01
2.942098181432584170e-01
2.949791257575071768e-01
2.957356768073924336e-01
2.964978023813400476e-01
2.972468676919669539e-01
2.980012530284034122e-01
2.987423170296705788e-01
2.994884827198326382e-01
3.002211048503318214e-01
3.009586430094156606e-01
3.016824507588009574e-01
3.024110181703353328e-01
3.031257006320651204e-01
3.038450128773244607e-01
3.045503142197987789e-01
3.052601400458149761e-01
3.059558565921682849e-01
3.066560131423761160e-01
3.073419853935910329e-01
3.080323321582760787e-01
3.087084413578555231e-01
3.093888767095955283e-01
3.100550410437337145e-01
3.107254984768940131e-01
3.113816701713681967e-01
3.120421156924410022e-01
3.126882757471287078e-01
3.133387022947177192e-01
3.139748590900077740e-01
3.146152857151610638e-01
3.152414705026267416e-01
3.158719372387104318e-01
3.164882018860373236e-01
3.171087688825310336e-01
3.177151839261547206e-01
3.183259287104077684e-01
3.189225809455793481e-01
3.195235963263503565e-01
3.201105867886370193e-01
3.207019789312287594e-01
3.212794211320277871e-01
3.218613079247301112e-01
3.224293261146503053e-01
3.230018354125326896e-01
3.235605629924572235e-01
3.241238310855497073e-01
3.246734091434670955e-01
3.252275793582416474e-01
3.257681552437856620e-01
3.263133766137822911e-01
3.268451025183195524e-01
3.273815283006169530e-01
3.279045608371354836e-01
3.284323487408100650e-01
3.289468482590433007e-01
3.294661597100223549e-01
3.299722897069570227e-01
3.304832884692289197e-01
3.309812142843878702e-01
3.314840656738595737e-01
3.319739537747548042e-01
3.324688239076853957e-01
3.329508411977623039e-01
3.334378963836034382e-01
3.339122096252895577e-01
3.343916158369071301e-01
3.348583910447827106e-01
3.353303136659253614e-01
3.357897160977130202e-01
3.362543188036419828e-01
3.367065117999277768e-01
3.371639565256914217e-01
3.376091015209544133e-01
3.380595485726287097e-01
3.384978051382854236e-01
3.389414128878733834e-01
3.393729384530813631e-01
3.398098622419918335e-01
3.402348110597965825e-01
3.406652044130955015e-01
3.410837287328339351e-01
3.415077427199986193e-01
3.419199922176358042e-01
3.423377750918237261e-01
3.427438965236931923e-01
3.431555935811668179e-01
3.435557306051715276e-01
3.439614840543034902e-01
3.443557771401891676e-01
3.447557260157895209e-01
3.451443123699710069e-01
3.455385924703857081e-01
3.459216059828086887e-01
3.463103498257785740e-01
3.466879210348434714e-01
3.470712578293958517e-01
3.474435139022831187e-01
3.478215695346041914e-01
3.481886342609651908e-01
3.485615312925506304e-01
3.489235250899767049e-01
3.492913827666167537e-01
3.496484226964181596e-01
3.500113569666883917e-01
3.503635567576912635e-01
3.507216802987791482e-01
3.510691503779310718e-01
3.514225726276480333e-01
3.517654201656811863e-01
3.521142473685745511e-01
3.524525763256638466e-01
3.527969115788392451e-01
3.531308227554205148e-01
3.534707660590311606e-01
3.538003571508453460e-01
3.541360054624153042e-01
3.544613711122073241e-01
3.547928183975728178e-01
3.551140502628273854e-01
3.554413875532554945e-01
3.557585743626134889e-01
3.560818897922246040e-01
3.563951173878076029e-01
3.567144963322337881e-01
3.570238478094046597e-01
3.573393729609235514e-01
3.576449287468960181e-01
3.579566800890425227e-01
3.582585179248807261e-01
3.585665728400013741e-01
3.588647678899323790e-01
3.591692013102683601e-01
3.594638263131815226e-01
3.597647106781756143e-01
3.600558359049080837e-01
3.603532411381976663e-01
3.606409343730916373e-01
3.609349280143956951e-01
3.612192551547628305e-01
3.615099030760801080e-01
3.617909274942428532e-01
3.620782929126161176e-01
3.623560757954220612e-01
3.626402197327439625e-01
3.629148200909960709e-01
3.631958012051715312e-01
3.634672757450609915e-01
3.637451509390651760e-01
3.640135546557795587e-01
3.642883790629229956e-01
3.645537652277525131e-01
3.648255922354903813e-01
3.650880124215479805e-01
3.653568937169145436e-01
3.656163980472069142e-01
3.658823840526760351e-01
3.661390214207309590e-01
3.664021614495529544e-01
3.666559793057836414e-01
3.669163211515102940e-01
3.671673657999761087e-01
3.674249556743981460e-01
3.676732713534407448e-01
3.679281532245176067e-01
3.681737825002225906e-01
3.684259990537781526e-01
3.686689832508498466e-01
3.689185756163076979e-01
3.691589544445469384e-01
3.694059622792209563e-01
3.696437742443012264e-01
3.698882366192712823e-01
3.701235195583582049e-01
3.703654748260645779e-01
3.705982661531174727e-01
3.708377521929597798e-01
3.710680882449379769e-01
3.713051412377835203e-01
3.715330567150203489e-01
3.717677107576342621e-01
3.719932393584055030e-01
3.722255289274366552e-01
3.724487040126991388e-01
3.726786623478776095e-01
3.728995162426363974e-01
3.731271758156236573e-01
3.733457400577534502e-01
3.735711322886194896e-01
3.737874374000538236e-01
3.740105929405864726e-01
3.742246690389399166e-01
3.744456181769479919e-01
3.746574947840660696e-01
3.748762660606944075e-01
3.750859710215770360e-01
3.753025923378945361e-01
3.755101528977010106e-01
3.757246514134445214e-01
3.759300941745694624e-01
3.761424968093312060e-01
3.763458479220159747e-01
3.765561801722638879e-01
3.767574660116904672e-01
3.769657551135373597e-01
3.771650018419966943e-01
3.773712731454367253e-01
3.775685057690980617e-01
3.777727839012853250e-01
3.779680268007740152e-01
3.781703360740237274e-01
3.783636133644036059e-01
3.785639775504112681e-01
3.787553128391200064e-01
3.789537556044395572e-01
3.791431722470267052e-01
3.793397161158852393e-01
3.795272367535785230e-01
3.797219040006191704e-01
3.799075503709855584e-01
3.801003617927062872e-01
3.802841555724094658e-01
3.804751331619625754e-01
3.806570963798092122e-01
3.808462621851510521e-01
3.810264169117928423e-01
3.812137927575970364e-01
3.813921609459677287e-01
3.815777684108897505e-01
3.817543713264703875e-01
3.819382303193363248e-01
3.821130884769591285e-01
3.822952197283543407e-01
3.824683539514810438e-01
3.826487775785849532e-01
3.828202083032893333e-01
3.829989437978176259e-01
3.831686908717555351e-01
3.833457568474002986e-01
3.835138389721296504e-01
3.836892538316731827e-01
3.838556903701783596e-01
3.840294735005048143e-01
3.841942833341477348e-01
3.843664522609603340e-01
3.845296539938189984e-01
3.847002268232672662e-01
3.848618389920723803e-01
3.850308336129407705e-01
3.851908745409727830e-01
3.853583082591525155e-01
3.855167956113905725e-01
3.856826864559326773e-01
3.858396382401182989e-01
3.860040023207543802e-01
3.861594350415220589e-01
3.863222872813670827e-01
3.864762171013368941e-01
3.866375733147955351e-01
3.867900163822698967e-01
3.869498922526697915e-01
3.871008644221897166e-01
3.872592747909356370e-01
3.874087916950440524e-01
3.875657515215923388e-01
3.877138287223307334e-01
3.878693529967441878e-01
3.880160058973194381e-01
3.881701092756254523e-01
3.883153532273970199e-01
3.884680505114970206e-01
3.886119010162343845e-01
3.887632071116436383e-01
3.889056793599969253e-01
3.890556085875527259e-01
3.891967173888413178e-01
3.893452836288853192e-01
3.894850433898292552e-01
3.896322602377066402e-01
3.897706855110034674e-01
3.899165675797534591e-01
3.900536731313510863e-01
3.901982339536645417e-01
3.903340337714632513e-01
3.904772861322319266e-01
3.906117933395447106e-01
3.907537492452384242e-01
3.908869761217453331e-01
3.910276466672431006e-01
3.911596060877956527e-01
3.912990047820101291e-01
3.914297100287672526e-01
3.915678494401544918e-01
3.916973135616320656e-01
3.918342060470312305e-01
3.919624418798277055e-01
3.920980996233052185e-01
3.922251198203872136e-01
3.923595550342384719e-01
3.924853722756801999e-01
3.926185974769386688e-01
3.927432246991968690e-01
3.928752520235223589e-01
3.929987017586033526e-01
3.931295431341075286e-01
3.932518279790270244e-01
3.933814956390016548e-01
3.935026282393623287e-01
3.936311342466204399e-01
3.937511269459058605e-01
3.938784829585065261e-01
3.939973477924773038e-01
3.941235652304320158e-01
3.942413139807542377e-01
3.943664040725871067e-01
3.944830483136312349e-01
3.946070219337795559e-01
3.947225721989648939e-01
3.948454391229627158e-01
3.949599067359450544e-01
3.950816788243947664e-01
3.951950751087883740e-01
3.953157630866889205e-01
3.954280993069839711e-01
3.955477146674441502e-01
3.956590031357972714e-01
3.957775587205315526e-01
3.958878120947271761e-01
3.960053200500656123e-01
3.961145506788242843e-01
3.962310235219190790e-01
3.963392442872170629e-01
3.964546946067210031e-01
3.965619180617576678e-01
3.966763581039669528e-01
3.967825968821461213e-01
3.968960390468854182e-01
3.970013055697255711e-01
3.971137615310071922e-01
3.972180675440377118e-01
3.973295494321636978e-01
3.974329074973081966e-01
3.975434266637804526e-01
3.976458481331840988e-01
3.977554161051999326e-01
3.978569129317143238e-01
3.979655419683152395e-01
3.980661269539170766e-01
3.981738306075149891e-01
3.982735168705662243e-01
3.983803080660301976e-01
3.984791080218293979e-01
3.985849986677493795e-01
3.986829256956150869e-01
3.987879297557546110e-01
3.988849972110217190e-01
3.989891284783026459e-01
3.990853502527599850e-01
3.991886221209213770e-01
3.992840115261133693e-01
3.993864386009380318e-01
3.994810106195141874e-01
3.995826069284191262e-01
3.996763754672474911e-01
3.997771542926137345e-01
3.998701328174738001e-01
3.999701086569587005e-01
4.000623116749346675e-01
4.001614994503960854e-01
4.002529415437875437e-01
4.003513553638248235e-01
4.004420511700543805e-01
4.005397057432940056e-01
4.006296701545962735e-01
4.007265807891379206e-01
4.008158278074024361e-01
4.009120082622401604e-01
4.010005526925970454e-01
4.010960187316011671e-01
4.011838767797215599e-01
4.012786443698771466e-01
4.013658328315445889e-01
4.014599178852172878e-01
4.015464459238377026e-01
4.016398555848950114e-01
4.017257422258748711e-01
4.018184996113174923e-01
4.019037609571858294e-01
4.019220681808930440e-01
4.019354909571946077e-01
4.019206458964126871e-01
4.019021059128677908e-01
4.018207012157812286e-01
4.017379673950874919e-01
4.016085529642061669e-01
4.014795161447179406e-01
4.012933184545348086e-01
4.011095282645953386e-01
4.008736489648623835e-01
4.006419655792580192e-01
4.003585443043522485e-01
4.000810511080040710e-01
3.997543718249591538e-01
3.994307748878476172e-01
3.990606078808874857e-01
3.986804881179419335e-01
3.982569592516560508e-01
3.978309576555957849e-01
3.973642474872656205e-01
3.968824021592706197e-01
3.963630659600739792e-01
3.958361126136523689e-01
3.952744175909307933e-01
3.946941810616179103e-01
3.940824838416708276e-01
3.934577624716008026e-01
3.928042826409905430e-01
3.921286564436243793e-01
3.914274054894878452e-01
3.907085511473238904e-01
3.899669034912395249e-01
3.891982607701057195e-01
3.884100042386680052e-01
3.876001590549602027e-01
3.867734219001098261e-01
3.859163714656130839e-01
3.850461398737158314e-01
3.841478370922250529e-01
3.832387889782283841e-01
3.823027316052031166e-01
3.813583826775409635e-01
3.803892961528090866e-01
3.794144028102803268e-01
3.784168198537919969e-01
3.774157339943736700e-01
3.763938139943803773e-01
3.753704889551489066e-01
3.743280095008638120e-01
3.732860699317452347e-01
3.722264895176919941e-01
3.711692410978332246e-01
3.700957128633637350e-01
3.690261662050657865e-01
3.679415573234071646e-01
3.668624490688082163e-01
3.657693671729950191e-01
3.646831843283022678e-01
3.635839995734785335e-01
3.624930014131250156e-01
3.613898648105920985e-01
3.602960990967791211e-01
3.591909571794499878e-01
3.580962727050218675e-01
3.569908846247073497e-01
3.558969545563838155e-01
3.547929103917435434e-01
3.537012436809170990e-01
3.525999764001491732e-01
3.515119309917390522e-01
3.504147307243883347e-01
3.493315273248943642e-01
3.482395499716809395e-01
3.471622806979415277e-01
3.460765624587982536e-01
3.450062044239926573e-01
3.439276703495812715e-01
3.428650933243846399e-01
3.417945664706095732e-01
3.407405431006880758e-01
3.396787535573735362e-01
3.386339672132806511e-01
3.375815600308521569e-01
3.365466126131573255e-01
3.355041552457499465e-01
3.344795744377451197e-01
3.334475637383298441e-01
3.324338097812737369e-01
3.314126784381209445e-01
3.304101502179457306e-01
3.294002718970668875e-01
3.284093093812059383e-01
3.274110024810263919e-01
3.264318955908034336e-01
3.254454307715279326e-01
3.244784220142545861e-01
3.235040244803313314e-01
3.225493148487622586e-01
3.215871705797416213e-01
3.206449221377658532e-01
3.196951806478973701e-01
3.187655215566493894e-01
3.178282995925681975e-01
3.169113260080276273e-01
3.159867095419345295e-01
3.150824881165669167e-01
3.141705353844441717e-01
3.132791045472229641e-01
3.123798490462768029e-01
3.115012278292311754e-01
3.106146815915721282e-01
3.097488654723320467e-01
3.088750203118722504e-01
3.080219865951434599e-01
3.071608161933795378e-01
3.063205271462321466e-01
3.054719911440406666e-01
3.046443931392697202e-01
3.038084372919817033e-01
3.029934651988954730e-01
3.021700216876715417e-01
3.013675949197732740e-01
3.005565840285230328e-01
2.997666130321460232e-01
2.989679453672234866e-01
2.981903307977570305e-01
2.974039092710714094e-01
2.966385483646236665e-01
2.958642702609425856e-01
2.951110518610362554e-01
2.943488071266744388e-01
2.936076129397696688e-01
2.928572862276720423e-01
2.921279944198815759e-01
2.913894663936791307e-01
2.906719522109540987e-01
2.899451009636601073e-01
2.892392365808068577e-01
2.885239366641970671e-01
2.878295886986305119e-01
2.871257115141881422e-01
2.864427479306644875e-01
2.857501630387501157e-01
2.850784476888382768e-01
2.843970230568806379e-01
2.837364197508439601e-01
2.830660224899400612e-01
2.824163942748112999e-01
2.817568910979267316e-01
2.811181008140637982e-01
2.804693578673485010e-01
2.798412675848233055e-01
2.792031522800363375e-01
2.785856280628626891e-01
2.779580079740243681e-01
2.773509142854376774e-01
2.767336578235036759e-01
2.761368584481307398e-01
2.755298330786869476e-01
2.749431920557190434e-01
2.743462654104751319e-01
2.737696471145021904e-01
2.731826883879051593e-01
2.726159616619075465e-01
2.720388420781850725e-01
2.714818752595801743e-01
2.709144664254936608e-01
2.703671286411312713e-01
2.698093028064924015e-01
2.692714647751767720e-01
2.687230966903844109e-01
2.681946328823572312e-01
2.676555993167555325e-01
2.671363840535900813e-01
2.666065622262920876e-01
2.660964707381475725e-01
2.655757387160652683e-01
2.650746469108112846e-01
2.645628834136858343e-01
2.640706696066205117e-01
2.635677564540119810e-01
2.630843039803250627e-01
2.625901270775636842e-01
2.621153206751243303e-01
2.616297664369254816e-01
2.611634908417516110e-01
2.606864458802279350e-01
2.602285855987991336e-01
2.597599371086179998e-01
2.593103798427953688e-01
2.588500166882915510e-01
2.584086488129069270e-01
2.579564590357275033e-01
2.575231677022996601e-01
2.570790415658240624e-01
2.566537179402671454e-01
2.562175467098608550e-01
2.558000800698602140e-01
2.553717550637340516e-01
2.549620366422604700e-01
2.545414513531655265e-01
2.541393752623418711e-01
2.537264227383548842e-01
2.533318806313938909e-01
2.529264537522269984e-01
2.525393364989885758e-01
2.521413288419579457e-01
2.517615328340215841e-01
2.513708410340479427e-01
2.509982634311174188e-01
2.506147843840920153e-01
2.502493205978344459e-01
2.498729509086096701e-01
2.495144979218619219e-01
2.491451351690152638e-01
2.487935910865345934e-01
2.484311335630700057e-01
2.480863972673288398e-01
2.477307433948435778e-01
2.473927132348355817e-01
2.470437620383650335e-01
2.467123376481628605e-01
2.463699889285655420e-01
2.460450707328233899e-01
2.457092241187068260e-01
2.453907115862030142e-01
2.450612667439436287e-01
2.447490610907589459e-01
2.444259181722395757e-01
2.441199200975452399e-01
2.438029799941935361e-01
2.435030903240443800e-01
2.431922532386144864e-01
2.428983730344106973e-01
2.425935389149108112e-01
2.423055686604072556e-01
2.420066376549059872e-01
2.417244791749984523e-01
2.414313521036781096e-01
2.411549063302312335e-01
2.408674826909694144e-01
2.405966497488913336e-01
2.403148303586714607e-01
2.400495138284933216e-01
2.397731994750579854e-01
2.395132995511602969e-01
2.392423900056793173e-01
2.389878074943558861e-01
2.387222031763682195e-01
2.384728401814261711e-01
2.382124406662895488e-01
2.379681969723668189e-01
2.377129013130166446e-01
2.374736773823121205e-01
2.372233852216033001e-01
2.369890824739260826e-01
2.367436935625193417e-01
2.365142132563510247e-01
2.362736273934341047e-01
2.360488708204447894e-01
2.358129878569358850e-01
2.355928552408707022e-01
2.353615732594127041e-01
2.351459627624686854e-01
2.349191788007757853e-01
2.347079887621507099e-01
2.344856001740014961e-01
2.342787299225702613e-01
2.340606344710091102e-01
2.338579831815615351e-01
2.336440784374435586e-01
2.334455452330032599e-01
2.332357287117767242e-01
2.330412125179487925e-01
2.328353817841488094e-01
2.326447816876128227e-01
2.324428339063162596e-01
2.322560480525563409e-01
2.320578797236108048e-01
2.318748057529680384e-01
2.316803129449125365e-01
2.315008481978698129e-01
2.313099266886414207e-01
2.311339678618276050e-01
2.309465128061785610e-01
2.307739565926488212e-01
2.305898631286125711e-01
2.304206062196080818e-01
2.302397695119386412e-01
2.300737084696511392e-01
2.298960235771267402e-01
2.297330548179052356e-01
2.295584166776773460e-01
2.293984364873177251e-01
2.292267399347239221e-01
2.290696444977670110e-01
2.289007842988355912e-01
2.287464697334973263e-01
2.285803406230859092e-01
2.284287030199575463e-01
2.282651997435499736e-01
2.281161352076356286e-01
2.279551525663096045e-01
2.278085572622447486e-01
2.276499901606872656e-01
2.275057603612473667e-01
2.273495038588453920e-01
2.272075359968356301e-01
2.270534853619783355e-01
2.269136760857756729e-01
2.267617268535959130e-01
2.266239730864834101e-01
2.264740211201970999e-01
2.263382201233697932e-01
2.261901616790835678e-01
2.260562111180535738e-01
2.259099429127491843e-01
2.257777409265240287e-01
2.256331602086669719e-01
2.255026054813077940e-01
2.253596101035785781e-01
2.252306019376147384e-01
2.250890904312921603e-01
2.249615288226003429e-01
2.248214004732068672e-01
2.246951861872286127e-01
2.245563411128286280e-01
2.244313757647545260e-01
2.242937149956664711e-01
2.241699011303766587e-01
2.240333266873262841e-01
2.239105678562456347e-01
2.237749828282510900e-01
2.236531836688848141e-01
2.235184922912743510e-01
2.233975590256708776e-01
2.232636671556873509e-01
2.231435070759232309e-01
2.230103216774735331e-01
2.228908431045885097e-01
2.227582719269423084e-01
2.226393838005362169e-01
2.225073358563099402e-01
2.223889489641122652e-01
2.222573349061070513e-01
2.221393615840619451e-01
2.220080936500310465e-01
2.218904477911392004e-01
2.217594398426692703e-01
2.216420370030059428e-01
2.215112047176048260e-01
2.213939627710633240e-01
2.212632245863218605e-01
2.211460644452397650e-01
2.210153414978918152e-01
2.208981863117360778e-01
2.207674012742575353e-01
2.206501749414032099e-01
2.205192519230966264e-01
2.204018801971667774e-01
2.202707451382391324e-01
2.201531552919825940e-01
2.200217352091862200e-01
2.199038546251414483e-01
2.197720778957358290e-01
2.196538378200146302e-01
2.195216363534719384e-01
2.194029716651987871e-01
2.192702802155326869e-01
2.191511275711921503e-01
2.190178821165164602e-01
2.188981780435615421e-01
2.187643164938243845e-01
2.186440018870369206e-01
2.185094652884150279e-01
2.183884828144684320e-01
2.182532148706739505e-01
2.181315117836555850e-01
2.179954583796182566e-01
2.178729808853038241e-01
2.177360899030434949e-01
2.176127884941635449e-01
2.174750110219072496e-01
2.173508387712343448e-01
2.172121277322862087e-01
2.170870403166952345e-01
2.169473515931570340e-01
2.168213066038863213e-01
2.166805981934368242e-01
2.165535549744250221e-01
2.164117861005857013e-01
2.162837055669067921e-01
2.161408377358606803e-01
2.160116839423628088e-01
2.158676807368982153e-01
2.157374197664844173e-01
2.155922487106105567e-01
2.154608508750599505e-01
2.153144823902982119e-01
2.151819197755104884e-01
2.150343257058653368e-01
2.149005720251074281e-01
2.147517261026948843e-01
2.146167572990551609e-01
2.144666356480953162e-01
2.143304301807701373e-01
2.141790110576799466e-01
2.140415492073109438e-01
2.138888128884698370e-01
2.137500771349179485e-01
2.135960065944325637e-01
2.134559824053940957e-01
2.133005628193064829e-01
2.131592374828203407e-01
2.130024566403830866e-01
2.128598207243783680e-01
2.127016689733611243e-01
2.125577154180161021e-01
2.123981850174011532e-01
2.122529072507986503e-01
2.120919911916461231e-01
2.119453846432365896e-01
2.117830784407979672e-01
2.116351411085548029e-01
2.114714421547589929e-01
2.113221734307464961e-01
2.111570810577128587e-01
2.110064814921525089e-01
2.108399965068051274e-01
2.106880697760549204e-01
2.105201950954757595e-01
2.103669473775933163e-01
2.101976888001039212e-01
2.100431286140378995e-01
2.098724942713455222e-01
2.097166309174792742e-01
2.095446294494809347e-01
2.093874739791287132e-01
2.092141154082440280e-01
2.090556805608635438e-01
2.088809772227284700e-01
2.087212766119066476e-01
2.085452416220767158e-01
2.083842885740168627e-01
2.082069347192310738e-01
2.080447442227499333e-01
2.078660857465559619e-01
2.077026745935525165e-01
2.075227283312435778e-01
2.073581175803575483e-01
2.071769033848842589e-01
2.070111142486167899e-01
2.068286529147649877e-01
2.066617084646022451e-01
2.064780220407697042e-01
2.063099474211503859e-01
2.061250602670522403e-01
2.059558813505282804e-01
2.057698186805438922e-01
2.055995632770312165e-01
2.054123520732657471e-01
2.052410501058456460e-01
2.050527194535035624e-01
2.048804014122375672e-01
2.046909807805821768e-01
2.045176775553039783e-01
2.043271974391995260e-01
2.041529416097535576e-01
2.039614332056181589e-01
2.037862573601320615e-01
2.035937536144696858e-01
2.034176949585376759e-01
2.032242324690052282e-01
2.030473301562801813e-01
2.028529454481260430e-01
2.026752363389316969e-01
2.024799672974917919e-01
2.023014909428696995e-01
2.021053749843618741e-01
2.019261719983047043e-01
2.017292489591379079e-01
2.015493567046132140e-01
2.013516630361579240e-01
2.011711222771079832e-01
2.009726986462583298e-01
2.007915526959875296e-01
2.005924414213119400e-01
2.004107365440030986e-01
2.002109860819319964e-01
2.000287905770481989e-01
1.998284669535994595e-01
1.996927399238370704e-01
1.995370497636005380e-01
1.994294708374876879e-01
1.993007860548285937e-01
1.992395121901520683e-01
1.991552768624733627e-01
1.991208543008174958e-01
1.990623354719061044e-01
1.990740281902894093e-01
1.990598007207584064e-01
1.990969091533165147e-01
1.991069875749110762e-01
1.991895276376380863e-01
1.992432067087610559e-01
1.993523657194191112e-01
1.994314937918845176e-01
1.995822004851623421e-01
1.997011625656125444e-01
1.998797712341500721e-01
2.000254313473258660e-01
2.002441441879379558e-01
2.004282226530400557e-01
2.006741030883563703e-01
2.008841524498542475e-01
2.011692083658192520e-01
2.014167663559609522e-01
2.017283024395591928e-01
2.020011474617076641e-01
2.023511924077901480e-01
2.026609098723230473e-01
2.030357215283297712e-01
2.033690618124141536e-01
2.037821409375304427e-01
2.041520983817752821e-01
2.045890050855089792e-01
2.049816437674719660e-01
2.054552596933522102e-01
2.058830052929513377e-01
2.063792582919058427e-01
2.068285383998022531e-01
2.073616740018791038e-01
2.078461775819882562e-01
2.084003351175469643e-01
2.089048108898560185e-01
2.094915726110317400e-01
2.100271525281514062e-01
2.106403566361536028e-01
2.112011063693946533e-01
2.118385288811468481e-01
2.124222987488934566e-01
2.130802089409130629e-01
2.136892149258040607e-01
2.143696890973524338e-01
2.150074212077673907e-01
2.157137180357946438e-01
2.163754313272541197e-01
2.171030614254874647e-01
2.177925845733529320e-01
2.185450581578899931e-01
2.192580665076080404e-01
2.200315177637108266e-01
2.207709900565855698e-01
2.215681094650235328e-01
2.223300401038748042e-01
2.231469907803769748e-01
2.239341857789688417e-01
2.247737223993562794e-01
2.255812537010013497e-01
2.264386814713956753e-01
2.272701096769801365e-01
2.281487830673121220e-01
2.290000295597972579e-01
2.298961142601262941e-01
2.307696890495944952e-01
2.316855661456982407e-01
2.325783081347427284e-01
2.335109933698455986e-01
2.344243195447310857e-01
2.353751547286328516e-01
2.363060845811122412e-01
2.372722776929970245e-01
2.382226109207225551e-01
2.392058605826056783e-01
2.401730887285412064e-01
2.411710581536062881e-01
2.421558920806758386e-01
2.431689820362746834e-01
2.441699697449839501e-01
2.451970985490046218e-01
2.462102489273789718e-01
2.472479157563176599e-01
2.482698724095145359e-01
2.493146495280236796e-01
2.503422549118726748e-01
2.513911594845054109e-01
2.524215795267833462e-01
2.534719345622656883e-01
2.545026526683236145e-01
2.555521068227004644e-01
2.565809172495956414e-01
2.576273894103796591e-01
2.586523478988533298e-01
2.596940146772219737e-01
2.607134153425921252e-01
2.617486778844724804e-01
2.627610384783983788e-01
2.637885124559544159e-01
2.647925428382571500e-01
2.658110245088283752e-01
2.668056116813694034e-01
2.678140682652622173e-01
2.687982591085811279e-01
2.697958061462344403e-01
2.707687871097212429e-01
2.717546763931777409e-01
2.727157642251590852e-01
2.736893648603821450e-01
2.746379888302633576e-01
2.755987797367601688e-01
2.765344730278559426e-01
2.774820296221836013e-01
2.784044114903968525e-01
2.793383911254768703e-01
2.802471621953783742e-01
2.811672993810325760e-01
2.820622324676154147e-01
2.829683297638974082e-01
2.838492613196398340e-01
2.847411800242470870e-01
2.856080056312516602e-01
2.864856674626011790e-01
2.873383310878120378e-01
2.882016994555738343e-01
2.890401848944551544e-01
2.898892587691012102e-01
2.907135914398139009e-01
2.915484113547847089e-01
2.923586487605691620e-01
2.931792846527346286e-01
2.939755106910447724e-01
2.947820572165284481e-01
2.955643820403276445e-01
2.963569583551709519e-01
2.971255124939992109e-01
2.979042567015626197e-01
2.986591884573538414e-01
2.994242534587397975e-01
3.001657217754305496e-01
3.009172706247915108e-01
3.016454504393792369e-01
3.023836647299205094e-01
3.030987396640536513e-01
3.038238063662463961e-01
3.045259707970924268e-01
3.052380890354680631e-01
3.059275442865365124e-01
3.066269187123767392e-01
3.073038711072227924e-01
3.079907109019118794e-01
3.086553726938469078e-01
3.093298941452234940e-01
3.099824819485658134e-01
3.106449033354822808e-01
3.112856352765351331e-01
3.119361764806073412e-01
3.125652724441987940e-01
3.132041548695513877e-01
3.138218352972530489e-01
3.144492830867526845e-01
3.150557680513428327e-01
3.156720014029668619e-01
3.162675122948213069e-01
3.168727568745724477e-01
3.174575157194813868e-01
3.180519956852139174e-01
3.186262230956286023e-01
3.192101610534718859e-01
3.197740768441235115e-01
3.203476951859006161e-01
3.209015185642811741e-01
3.214650386536930804e-01
3.220089871577609397e-01
3.225626297851625912e-01
3.230969200422223464e-01
3.236409035211677554e-01
3.241657496994214682e-01
3.247002884703975578e-01
3.252159005049638507e-01
3.257412058232390661e-01
3.262477906294762864e-01
3.267640701917360335e-01
3.272618309300535655e-01
3.277692894364201970e-01
3.282584262188241730e-01
3.287572652155869024e-01
3.292379753531035069e-01
3.297283934725266930e-01
3.302008705559296153e-01
3.306830624117989004e-01
3.311474964543160149e-01
3.316216536043791185e-01
3.320782315470360846e-01
3.325445423249038246e-01
3.329934478742780923e-01
3.334520971484465357e-01
3.338935104997912684e-01
3.343446793838951159e-01
3.347787770715811573e-01
3.352226428793579904e-01
3.356495976789480862e-01
3.360863338850025306e-01
3.365063147851145020e-01
3.369360910134501785e-01
3.373492632131017688e-01
3.377722452329262603e-01
3.381787701449662231e-01
3.385951198833399012e-01
3.389951551534959306e-01
3.394050307199441563e-01
3.397987302569257517e-01
3.402022859734870064e-01
3.405897999839447854e-01
3.409871864138026565e-01
3.413686614352074988e-01
3.417600254184205433e-01
3.421356043592123086e-01
3.425210890621460669e-01
3.428909112549188287e-01
3.432706562230523062e-01
3.436348574805565548e-01
3.440089986940028099e-01
3.443677113673645485e-01
3.447363812984132192e-01
3.450897343368828918e-01
3.454530620086898596e-01
3.458011810263691421e-01
3.461592920848919341e-01
3.465022994221973462e-01
3.468553161889391667e-01
3.471933309678185697e-01
3.475413724862732590e-01
3.478745106616085714e-01
3.482176927433479618e-01
3.485460671485532957e-01
3.488845024097970704e-01
3.492082227929055316e-01
3.495420206764143778e-01
3.498611937210527878e-01
3.501904604497602103e-01
3.505051897274931161e-01
3.508300281332508153e-01
3.511404139275822733e-01
3.514609240391263212e-01
3.517670639888439421e-01
3.520833439370119056e-01
3.523853338169585792e-01
3.526974786807521856e-01
3.529954113781574310e-01
3.533035137395168501e-01
3.535974797106651302e-01
3.539016288315853798e-01
3.541917153309165900e-01
3.544919984005685532e-01
3.547782907715281153e-01
3.550747942515248834e-01
3.553573771281538507e-01
3.556501838385274783e-01
3.559291383111295448e-01
3.562183288789860791e-01
3.564937339719514986e-01
3.567793867413198150e-01
3.570513192758978382e-01
3.573335117340387113e-01
3.576020478132968528e-01
3.578808560945497819e-01
3.581460705421182222e-01
3.584215688494012397e-01
3.586835346046046702e-01
3.589557946007848055e-01
3.592145821589030064e-01
3.594836735648321291e-01
3.597393515860977664e-01
3.600053427318531396e-01
3.602579785455652939e-01
3.605209356029206447e-01
3.607705944716853019e-01
3.610305817923914473e-01
3.612773272312299055e-01
3.615344072926519603e-01
3.617783010133687194e-01
3.620325343722521350e-01
3.622736362417980915e-01
3.625250818937157948e-01
3.627634501358168451e-01
3.630121645612608416e-01
3.632478551929652633e-01
3.634938922713439879e-01
3.637269586494888962e-01
3.639703707128185139e-01
3.642008647188168524e-01
3.644417028986925988e-01
3.646696752872268243e-01
3.649079894827992332e-01
3.651334892139714849e-01
3.653693271911817031e-01
3.655924024147579887e-01
3.658258112537411400e-01
3.660465087665182859e-01
3.662775340948645209e-01
3.664958992833884377e-01
3.667245852319152011e-01
3.669406620388582230e-01
3.671670512420642796e-01
3.673808821702825300e-01
3.676050158009438462e-01
3.678166419282682398e-01
3.680385597267494258e-01
3.682480207427735186e-01
3.684677610633071421e-01
3.686750952937636883e-01
3.688926951312577751e-01
3.690979395657119633e-01
3.693134345579373035e-01
3.695166248455364899e-01
3.697300492186442189e-01
3.699312196162385935e-01
3.701426061889559471e-01
3.703417895654415037e-01
3.705511708844475560e-01
3.707483998951034976e-01
3.709558078748012022e-01
3.711511145401489298e-01
3.713565801184656734e-01
3.715499954705829833e-01
3.717535480769011969e-01
3.719451016661509124e-01
3.721467694641601431e-01
3.723364895831254850e-01
3.725362994489607726e-01
3.727242131072241449e-01
3.729221904330107806e-01
3.731083231751726181e-01
3.733044922348722761e-01
3.734888684568171691e-01
3.736832518142849113e-01
3.738658942152376374e-01
3.740585133041283150e-01
3.742394434720521246e-01
3.744303194528587619e-01
3.746095587367643809e-01
3.747987124070650822e-01
3.749762817403947124e-01
3.751637327957239587e-01
3.753396520007017401e-01
3.755254183554112002e-01
3.756997053132496989e-01
3.758838034889399049e-01
3.760564748870691143e-01
3.762389208530030338e-01
3.764099928081031665e-01
3.765908022441010194e-01
3.767602905200596597e-01
3.769394798280393255e-01
3.771074016094341230e-01
3.772849872450916853e-01
3.774513584936378674e-01
3.776273560365004944e-01
3.777921924271119281e-01
3.779666166568669272e-01
3.781299331426769550e-01
3.783027982377665799e-01
3.784646090120442619e-01
3.786359289460796695e-01
3.787962480010215183e-01
3.789660365732592240e-01
3.791248777340828768e-01
3.792931486032083965e-01
3.794505255398400445e-01
3.796172922298371999e-01
3.797732184629045715e-01
3.799384943546720850e-01
3.800929832488788573e-01
3.802567815464635848e-01
3.804098462669490699e-01
3.805721798803418654e-01
3.807238332780101819e-01
3.808847148233407975e-01
3.810349694533212150e-01
3.811944117073499116e-01
3.813432802789285536e-01
3.815012960945304843e-01
3.816487913556342315e-01
3.818053935607620408e-01
3.819515282281079616e-01
3.821067296189044060e-01
3.822515163610214484e-01
3.824053297215399549e-01
3.825487811803472415e-01
3.827012193274154095e-01
3.828433481647004477e-01
3.829944240039450110e-01
3.831352429632197132e-01
3.832849695551105440e-01
3.834244915394650621e-01
3.835728821914680675e-01
3.837111203386426861e-01
3.838581886614211292e-01
3.839951563994485895e-01
3.841409163418830208e-01
3.842766274187228159e-01
3.844210932372076339e-01
3.845555616980270153e-01
3.846987479510222130e-01
3.848319881163717038e-01
3.849739088607222470e-01
3.851059345412076729e-01
3.852466067567225649e-01
3.853774345871352480e-01
3.855168736164034105e-01
3.856465187681917817e-01
3.857847410094229490e-01
3.859132197625580463e-01
3.860502414886087807e-01
3.861775698344994678e-01
3.863134076759668356e-01
3.864396021401436676e-01
3.865742731446236147e-01
3.866993504980482665e-01
3.868328723044930917e-01
3.869568496046333905e-01
3.870892401795224536e-01
3.872121348612229674e-01
3.873434113292250069e-01
3.874652398761403993e-01
3.875954194364574223e-01
3.877161999331278919e-01
3.878453014244179764e-01
3.879650514455851296e-01
3.880930933402051419e-01
3.882118314278820703e-01
3.883388322653534841e-01
3.884565772130359473e-01
3.885825570017307773e-01
3.886993283158602930e-01
3.888243055770979617e-01
3.889401223671763996e-01
3.890641178141812651e-01
3.891789938718405173e-01
3.892910386960235503e-01
3.893901988695277483e-01
3.894286770984365931e-01
3.894611461988619627e-01
3.894397690378169630e-01
3.894145606814159999e-01
3.893448389087015293e-01
3.892730564055837394e-01
3.891488729028489413e-01
3.890246310903445748e-01
3.888506320933810545e-01
3.886784132370226241e-01
3.884589606337720546e-01
3.882429786963135232e-01
3.879820258192733795e-01
3.877094117646235905e-01
3.873948164832019536e-01
3.870730195858027578e-01
3.867119258557205619e-01
3.863364159931737540e-01
3.859245541696664228e-01
3.854988615427957788e-01
3.850396398534956521e-01
3.845622955966600531e-01
3.840543931615907347e-01
3.835282836764913328e-01
3.829744271676573941e-01
3.823970865410721842e-01
3.817950125433624553e-01
3.811709443496661409e-01
3.805249386605279449e-01
3.798532072544294480e-01
3.791624356396152140e-01
3.784437528336271339e-01
3.777089313953344019e-01
3.769443598586961208e-01
3.761665349679067516e-01
3.753580514293362036e-01
3.745391344374570108e-01
3.736915976191574340e-01
3.728362302803818751e-01
3.719544625215058797e-01
3.710672740431252281e-01
3.701556989083459870e-01
3.692409358969541699e-01
3.683036158757659884e-01
3.673651543291810428e-01
3.664057864762394479e-01
3.654471792663462892e-01
3.644691519533065915e-01
3.634936395856644964e-01
3.625000552541082222e-01
3.615106039205464028e-01
3.605042875288265725e-01
3.595035930634502552e-01
3.584871183623852819e-01
3.574776405304702642e-01
3.564533541488254520e-01
3.554373327228850243e-01
3.544073689807002436e-01
3.533868400675492794e-01
3.523531395169944291e-01
3.513299510936279679e-01
3.502942739864911004e-01
3.492701017904683014e-01
3.482340434642923754e-01
3.472104046158171475e-01
3.461754086522797480e-01
3.451536743038173816e-01
3.441210447325643296e-01
3.431024518614502750e-01
3.420733645006632795e-01
3.410590268261189939e-01
3.400345397307236173e-01
3.390254577612978326e-01
3.380065208327732718e-01
3.370035911190057965e-01
3.359910551433482051e-01
3.349950790200483808e-01
3.339897039004069423e-01
3.330013952620072271e-01
3.320038573071775190e-01
3.310238496699879907e-01
3.300347484014947153e-01
3.290636015631749900e-01
3.280834661569583810e-01
3.271216724813471033e-01
3.261509678461278483e-01
3.251989581103308935e-01
3.242380904917586126e-01
3.232962392403250229e-01
3.223455613814227849e-01
3.214141918770904716e-01
3.204740077244609964e-01
3.195533965871708570e-01
3.186239657174583795e-01
3.177143475334628375e-01
3.167958895442691825e-01
3.158974610014762541e-01
3.149901594415145945e-01
3.141030808515825057e-01
3.132070846429763078e-01
3.123314831262415936e-01
3.114469095961797107e-01
3.105828821557492514e-01
3.097098201377556093e-01
3.088574385431902547e-01
3.079959525339294180e-01
3.071552659195709856e-01
3.063053994426591098e-01
3.054764353353861539e-01
3.046382106394666112e-01
3.038209760065825327e-01
3.029943968560068202e-01
3.021888821977697370e-01
3.013739360726492844e-01
3.005801162965625051e-01
2.997767766613945728e-01
2.989946140867562052e-01
2.982028415281353650e-01
2.974322860872221086e-01
2.966520308859860178e-01
2.958930239162997911e-01
2.951242253600580012e-01
2.943766932519396029e-01
2.936192814888465841e-01
2.928831487884897000e-01
2.921370463972151610e-01
2.914122259720995367e-01
2.906773481232243217e-01
2.899637470940234496e-01
2.892400027603356238e-01
2.885375216626366868e-01
2.878248132268140802e-01
2.871333479776463360e-01
2.864315744124885654e-01
2.857510194121206104e-01
2.850600775054331626e-01
2.843903232256494995e-01
2.837101054011601509e-01
2.830510394540067254e-01
2.823814367271266779e-01
2.817329449962322485e-01
