1.398673239639969257e-02
1.400701529736958495e-02
1.396070175551988868e-02
1.396403135428292419e-02
1.394967975863536935e-02
1.399121179710005602e-02
1.400702420387156533e-02
1.408006637701680885e-02
1.412337830271259698e-02
1.422457431030560437e-02
1.429246918659299315e-02
1.441889024788706175e-02
1.450859462464132443e-02
1.465750526138231979e-02
1.476640466778955663e-02
1.493520736455861142e-02
1.506084982492239543e-02
1.524712595774219137e-02
1.538720054455416930e-02
1.558865530289055279e-02
1.574098577975308055e-02
1.595547536269553701e-02
1.611801955909941686e-02
1.634352061645183429e-02
1.651436000060663156e-02
1.674898173525751766e-02
1.692630217853557939e-02
1.716824706515551746e-02
1.735035510713717199e-02
1.759794789567886708e-02
1.778325258204183079e-02
1.803492649464344399e-02
1.822194038037577846e-02
1.847621856495484938e-02
1.866355781528639124e-02
1.891907576784324085e-02
1.910543382567525539e-02
1.936089497525084191e-02
1.954505946553514173e-02
1.979926304508328183e-02
1.998008534362993860e-02
2.023189405617770165e-02
2.040832550301563408e-02
2.065669591298929797e-02
2.082775543631043558e-02
2.107170567312244280e-02
2.123648425432267395e-02
2.147511539146196302e-02
2.163276707704719914e-02
2.186523564167131006e-02
2.201496904776661934e-02
2.224048810871720461e-02
2.238159712541298862e-02
2.259945231514004504e-02
2.273127852221934475e-02
2.294081375571638270e-02
2.306276573328125412e-02
2.326338838979236101e-02
2.337489056126751397e-02
2.356601703490440736e-02
2.366657569304908559e-02
2.384770759224841274e-02
2.393686070250855558e-02
2.410752495166290643e-02
2.418487655802920022e-02
2.434467373669924051e-02
2.440984767589432503e-02
2.455838739727905784e-02
2.461105607923463889e-02
2.474800078437211504e-02
2.478788452964764133e-02
2.491294215318362593e-02
2.493979006557134337e-02
2.505269813206911778e-02
2.506628719639381053e-02
2.516680450343605768e-02
2.516696274103402686e-02
2.525490213532072259e-02
2.524148785958729713e-02
2.531668960409449998e-02
2.528959610682296466e-02
2.535193946047364921e-02
2.531107077079169931e-02
2.536043916098834616e-02
2.530574037553062761e-02
2.534206020708484886e-02
2.527349897305974924e-02
2.529672018951290013e-02
2.521427687672689322e-02
2.522435878863449332e-02
2.512802840196215470e-02
2.512494169048773429e-02
2.501476569720656462e-02
2.499852661847246083e-02
2.487458217802085425e-02
2.484524800952098156e-02
2.470761892736683674e-02
2.466525004008857103e-02
2.451402352227516346e-02
2.445868267203965551e-02
2.429395514027410385e-02
2.422571376790327857e-02
2.404762793889159145e-02
2.396660444912984689e-02
2.377529824523577640e-02
2.368159795319113581e-02
2.347724234846404467e-02
2.337101229503169009e-02
2.315380235440278600e-02
2.303521096261018641e-02
2.280533617255370293e-02
2.267454458660678185e-02
2.243221848530485563e-02
2.228940970060266924e-02
2.203485270042071509e-02
2.188022348690926711e-02
2.161366245492968297e-02
2.144740709132109124e-02
2.116908613154644403e-02
2.099141533572168594e-02
2.070159551775224704e-02
2.051274356536919585e-02
2.021170547164324871e-02
2.001192383716826617e-02
1.969994066825642154e-02
1.948947321554772572e-02
1.916681829897343148e-02
1.894590788286643068e-02
1.861287601638972333e-02
1.838178706190701783e-02
1.803867553488636144e-02
1.779767668697146421e-02
1.744478065429266866e-02
1.719413150499465859e-02
1.683177094125792861e-02
1.657176799889492624e-02
1.620025755642112708e-02
1.593117488174805585e-02
1.555083995293526922e-02
1.527297533483018555e-02
1.488415467881082366e-02
1.459781444378538406e-02
1.420085085451988638e-02
1.390634739350782301e-02
1.350158384604727146e-02
1.319923098463493538e-02
1.278701694913886300e-02
1.247713605737221787e-02
1.205781551252277373e-02
1.174071545546329087e-02
1.131464528135878167e-02
1.099065317423347787e-02
1.055818911908490421e-02
1.022762342401212221e-02
9.789130309482918513e-03
9.452331389217916158e-03
9.008174480457098454e-03
8.665472450531841453e-03
8.216023318519172225e-03
7.867762269849365442e-03
7.413404674642076753e-03
7.059935884383361504e-03
6.601035198825766503e-03
6.242700391206223998e-03
5.779626372038604298e-03
5.416761053097907119e-03
4.949881836000979973e-03
4.582820277614252369e-03
4.112521516080658301e-03
3.741621042741727354e-03
3.268295891156014488e-03
2.893919122461841020e-03
2.417949624786142060e-03
2.040452776165269100e-03
1.562230101053996290e-03
1.181973579660877682e-03
7.018811345490538756e-04
3.192295484971130470e-04
-1.623643000889796184e-04
-5.470796873883188027e-04
-1.029805112601756001e-03
-1.416238443810780012e-03
-1.899714543761588104e-03
-2.287509744006488432e-03
-2.771362832385659836e-03
-3.160174280286032200e-03
-3.644030928807606706e-03
-4.033497500786853429e-03
-4.516957709437385837e-03
-4.906732725883822255e-03
-5.389442061731974931e-03
-5.779126042447124689e-03
-6.209151078825692061e-03
-6.548841667871618810e-03
-6.935888367029297008e-03
-7.234860649170560265e-03
-7.568748987277551521e-03
-7.817235838331271225e-03
-8.106966335109544453e-03
-8.313619161384067091e-03
-8.551692398215515745e-03
-8.709275217466228014e-03
-8.900428624586620430e-03
-9.013498629510952043e-03
-9.154737019686720600e-03
-9.220367015827846124e-03
-9.315039884382203539e-03
-9.336536711695209156e-03
-9.381883023348969175e-03
-9.356527264482661366e-03
-9.355404323970417657e-03
-9.285941669971875534e-03
-9.233472303493472921e-03
-9.115202321266502317e-03
-9.018503909082098424e-03
-8.858271925541116865e-03
-8.713033178558093894e-03
-8.506661812955673696e-03
-8.313175819177454073e-03
-8.060978415847075418e-03
-7.821192415512823182e-03
-7.525017771846331804e-03
-7.237970057156539738e-03
-6.896889716696996686e-03
-6.563114200584529989e-03
-6.177632180381698035e-03
-5.798310037948506412e-03
-5.369545415459642257e-03
-4.943780838658207166e-03
-4.470876879113627744e-03
-4.000084306649553945e-03
-3.484374144829938125e-03
-2.967676224503668081e-03
-2.408322500542126043e-03
-1.846800608088283724e-03
-1.244944412209125773e-03
-6.380106994755552208e-04
6.992106614756021798e-06
6.582872502590708663e-04
1.345430350569110090e-03
2.041684325249482068e-03
2.771691862883951529e-03
3.511710139661783359e-03
4.283138176023215671e-03
5.067562049940743663e-03
5.881288479821278337e-03
6.707310656523024495e-03
7.560937565362579882e-03
8.431267310429535478e-03
9.326711633316664418e-03
1.023874708156441438e-02
1.117396563959943689e-02
1.212769011273501230e-02
1.310200321696303183e-02
1.409742071786357354e-02
1.511171652262044418e-02
1.614760507395701650e-02
1.720107786009666961e-02
1.827726678239305347e-02
1.936778076365730517e-02
2.048666341776639310e-02
2.161847224623991703e-02
2.277367146826170252e-02
2.394033500744796594e-02
2.513771275699239194e-02
2.634513701840346389e-02
2.757866372890271922e-02
2.882139287866525290e-02
3.009417174496487046e-02
3.137298912743757828e-02
3.268367462443683147e-02
3.399950800600742840e-02
3.534602981101669927e-02
3.669854235728520209e-02
3.808059528135721017e-02
3.947190405422623671e-02
4.088632359524296822e-02
4.231503053128260472e-02
4.376299404589345521e-02
4.522831738667232315e-02
4.670840734822623297e-02
4.821402849235867372e-02
4.972198523672410886e-02
5.126847043375110102e-02
5.280286850830662182e-02
5.438718803852093941e-02
5.594801388398040753e-02
5.757538811201390327e-02
5.916015463793500295e-02
6.082867687548820790e-02
6.243613191654029393e-02
6.414596186389709409e-02
6.577566349513097599e-02
6.752579853691076384e-02
6.917658124273573517e-02
7.096725439713880146e-02
7.263790051206198140e-02
7.446991373891226340e-02
7.615723398275758838e-02
7.803183572765093334e-02
7.975481901149417130e-02
8.165296647634145977e-02
8.339739029210208043e-02
8.532651751434033871e-02
8.709968867015033256e-02
8.904792988043708224e-02
9.084433735454849890e-02
9.280673950111267834e-02
9.464265094569240810e-02
9.663433902283208310e-02
9.849272399697533986e-02
1.004980817436574303e-01
1.023964557890606475e-01
1.044303701847832389e-01
1.063470869553149178e-01
1.083929321893765674e-01
1.103481540551573548e-01
1.124225320338608780e-01
1.143974970381799738e-01
1.164843112520982382e-01
1.184899493343214427e-01
1.205983663064842948e-01
1.226261837661541398e-01
1.247497063310606391e-01
1.268066959316343500e-01
1.289514091375909000e-01
1.310278617086343966e-01
1.331848408356058888e-01
1.352910039722094448e-01
1.374701416983403202e-01
1.395936276036698898e-01
1.417833399806255334e-01
1.439271224606952226e-01
1.461307014053772613e-01
1.482828803043930721e-01
1.504892441556442972e-01
1.526395755239183805e-01
1.548393370678249337e-01
1.569792595487546905e-01
1.591645998885508062e-01
1.612869740205500335e-01
1.634513729640353907e-01
1.655502556992514140e-01
1.676883113691360894e-01
1.697587998801862175e-01
1.718660695104741731e-01
1.739041724349713602e-01
1.759770554311906321e-01
1.779795926465383982e-01
1.800152589959519434e-01
1.819796981584533846e-01
1.839758979235882608e-01
1.859002766352375047e-01
1.878552938295243169e-01
1.897381407556577582e-01
1.916507140813495935e-01
1.934909978959153953e-01
1.953602756981719923e-01
1.971573297649727441e-01
1.989827993930028405e-01
2.007362815699677006e-01
2.025177357625083663e-01
2.042275782663425243e-01
2.059650574803901790e-01
2.076314149295219180e-01
2.093251587923924961e-01
2.109483719872917162e-01
2.125987941199827813e-01
2.141793638440677716e-01
2.157870329731410575e-01
2.173256044045649982e-01
2.188912158053729073e-01
2.203885444969715390e-01
2.219128962735473221e-01
2.233698241354731828e-01
2.248537905643734902e-01
2.262712309594238080e-01
2.277157496926197067e-01
2.290946826183577478e-01
2.305007540379275799e-01
2.318421955871936002e-01
2.332108487952968545e-01
2.345158479385284767e-01
2.358481410981086990e-01
2.371177787218614053e-01
2.384147996952771242e-01
2.396501575883325241e-01
2.409129903533185346e-01
2.421151658676642948e-01
2.433449080061661496e-01
2.445149946566456123e-01
2.457127382792100301e-01
2.468518166422851712e-01
2.480186380727125717e-01
2.491277786814534156e-01
2.502647426654361906e-01
2.513449996645881201e-01
2.524531531078878510e-01
2.535055608692918239e-01
2.545859290277635578e-01
2.556115016060693801e-01
2.566650900628898446e-01
2.576648228057314416e-01
2.586926169051870783e-01
2.596674675249832087e-01
2.606704158319816389e-01
2.616213232354777096e-01
2.626003537466309323e-01
2.635282351635628295e-01
2.644842508443956408e-01
2.653899903447038966e-01
2.663238641629165904e-01
2.672083192527622275e-01
2.681208997368202951e-01
2.689848953507825713e-01
2.698769937815210795e-01
2.707213198248449304e-01
2.715937124120318957e-01
2.724191380558599329e-01
2.732725872408532375e-01
2.740798535576863815e-01
2.749150832845187464e-01
2.757049041583415350e-01
2.765226198901666321e-01
2.772956836467103670e-01
2.780965591402784765e-01
2.788535264005160830e-01
2.796382107130644945e-01
2.803797166279280439e-01
2.811488327656710418e-01
2.818754903169334858e-01
2.826296430382431724e-01
2.833420294811076490e-01
2.840817842647174185e-01
2.847804613705921528e-01
2.855063719331867311e-01
2.861918831882586112e-01
2.869044786009119496e-01
2.875773415299932578e-01
2.882771289659133429e-01
2.889378497272486190e-01
2.896253264200285837e-01
2.902743822609069602e-01
2.909500143876776468e-01
2.915878698634642996e-01
2.922521155483086552e-01
2.928792160992300664e-01
2.935325111816713961e-01
2.941492842287216636e-01
2.947920473672638320e-01
2.953989034771335453e-01
2.960315376643709584e-01
2.966288746922696729e-01
2.972517719411692516e-01
2.978399716316793011e-01
2.984535062639066538e-01
2.990329343507134308e-01
2.996374641179979093e-01
3.002084722086545421e-01
3.008043473767288423e-01
3.013672651150878234e-01
3.019548067754410092e-01
3.025099703720872668e-01
3.030895101040123052e-01
3.036372235209833237e-01
3.042090656988307718e-01
3.047496292652348560e-01
3.053140670197762585e-01
3.058477680636576546e-01
3.064050846092247760e-01
3.069322026572985918e-01
3.074826761083722104e-01
3.080034774563983335e-01
3.085473715493192159e-01
3.090621086595655154e-01
3.095996722269707124e-01
3.101085941194980933e-01
3.106400766948340664e-01
3.111434173784795032e-01
3.116690516271017897e-01
3.121670362541507093e-01
3.126870441584251870e-01
3.131798964540724040e-01
3.136945054788766729e-01
3.141824332299090194e-01
3.146918487612619941e-01
3.151750532557718865e-01
3.156794772672391058e-01
3.161581445290195802e-01
3.166577643605663073e-01
3.171320785092077155e-01
3.176270777197654493e-01
3.180972172693861677e-01
3.185877763841214461e-01
3.190539127088799498e-01
3.195402031908136098e-01
3.200025012911085209e-01
3.204846911227284267e-01
3.209433033968681626e-01
3.214215467772462143e-01
3.218766256988657704e-01
3.223510761049234175e-01
3.228027659213885681e-01
3.232735695573966672e-01
3.237220136259185699e-01
3.241893174302498681e-01
3.246346519152850663e-01
3.250985943078895657e-01
3.255409491866255167e-01
3.260016616928259059e-01
3.264411619137092546e-01
3.268987733411662377e-01
3.273355380778575352e-01
3.277901715796953663e-01
3.282243144649407141e-01
3.286760854090440276e-01
3.291077141466788869e-01
3.295567322914378927e-01
3.299859535491614926e-01
3.304323294117025300e-01
3.308592468156342781e-01
3.313030871312863113e-01
3.317277955539780221e-01
3.321691978688298685e-01
3.325917908817559443e-01
3.330308504863200847e-01
3.334514179321726446e-01
3.338882296505534253e-01
3.343068573215256523e-01
3.347415074337710683e-01
3.351582750434601854e-01
3.355908471242297075e-01
3.360058321644354695e-01
3.364364073542200906e-01
3.368496844460360795e-01
3.372783379076171872e-01
3.376899848969568962e-01
3.381167984266165716e-01
3.385268809098416209e-01
3.389519216045809857e-01
3.393605069229111981e-01
3.397838437827861435e-01
3.401909918851955261e-01
3.406126867883344511e-01
3.410184554192760564e-01
3.414385684115857078e-01
3.418430104281069415e-01
3.422615947311977713e-01
3.426647592771644435e-01
3.430818658401793009e-01
3.434838008789707908e-01
3.438994778738112545e-01
3.443002286578281113e-01
3.447145222632754802e-01
3.451141332123701666e-01
3.455270877299732035e-01
3.459255973051480471e-01
3.463372512673810744e-01
3.467346942517154362e-01
3.471450820462147480e-01
3.475414900014126562e-01
3.479506425869353659e-01
3.483460442380648114e-01
3.487539895506384102e-01
3.491484104190144544e-01
3.495551722165621822e-01
3.499486346142920423e-01
3.503542331715834290e-01
3.507467558738617264e-01
3.511512077419437494e-01
3.515428058669038403e-01
3.519461251231492116e-01
3.523368154298633925e-01
3.527390121147145896e-01
3.531288022620316935e-01
3.535298855788594485e-01
3.539187819751477004e-01
3.543187501992586808e-01
3.547067558810526045e-01
3.551056097601316131e-01
3.554927248840352716e-01
3.558904596345364157e-01
3.562766825037491092e-01
3.566732892611161887e-01
3.570586153362198534e-01
3.574540872255673740e-01
3.578385075509881719e-01
3.582328266010107454e-01
3.586163319123620852e-01
3.590094833675716579e-01
3.593920607633319664e-01
3.597840235556291066e-01
3.601656570149844860e-01
3.605564072413848242e-01
3.609370802726736827e-01
3.613265927589611737e-01
3.617062849287122628e-01
3.620945304366537942e-01
3.624732183162581722e-01
3.628601657993987262e-01
3.632378235110253484e-01
3.636234348160708452e-01
3.640000360449353600e-01
3.643842729226400290e-01
3.647597888598178018e-01
3.651426108888380373e-01
3.655170110063694633e-01
3.658983738205774383e-01
3.662716264104746156e-01
3.666514841395551727e-01
3.670235552233414023e-01
3.674018588092068383e-01
3.677727120607324762e-01
3.681494089484295684e-01
3.685190072751449719e-01
3.688940424725853373e-01
3.692623464273937506e-01
3.696356604895173481e-01
3.700026286144058041e-01
3.703741600222090202e-01
3.707397488371068084e-01
3.711094319708829747e-01
3.714735940939765113e-01
3.718413583749496931e-01
3.722040427532374851e-01
3.725698127276693139e-01
3.729309618716721286e-01
3.732946584124234857e-01
3.736542070958517869e-01
3.740157474184351294e-01
3.743736180670153013e-01
3.747329150233739137e-01
3.750890151571938946e-01
3.754459812749419978e-01
3.758001980307497103e-01
3.761547474426838455e-01
3.765069478520491342e-01
3.768590000178526078e-01
3.772090335517814808e-01
3.775585133221150969e-01
3.779062220892450696e-01
3.782530578656215225e-01
3.785982861831087565e-01
3.789424085650138774e-01
3.792850136374764092e-01
3.796263526267446009e-01
3.799662098079433226e-01
3.803046943147687098e-01
3.806416976792986739e-01
3.809772569293839450e-01
3.813113172453615474e-01
3.816438831128501907e-01
3.819749243486576518e-01
3.823044331940564922e-01
3.826323902994014370e-01
3.829587844356693860e-01
3.832836012591072095e-01
3.836068294873051232e-01
3.839284575397329258e-01
3.842484752528209091e-01
3.845668729688068721e-01
3.848836419589353741e-01
3.851987741788110986e-01
3.855122623396186610e-01
3.858240998386877618e-01
3.861342807719949644e-01
3.864427998961985078e-01
3.867496525989014278e-01
3.870548348990299758e-01
3.873583434183376362e-01
3.876601753565822595e-01
3.879603284826323994e-01
3.882588011197817268e-01
3.885555921220090747e-01
3.888507008532280373e-01
3.891441271718277806e-01
3.894358714157493129e-01
3.897259343866786852e-01
3.900143173320577139e-01
3.903010219318108209e-01
3.905860503401301642e-01
3.908694050845712420e-01
3.911510890784976047e-01
3.914311056182746551e-01
3.917094583676074548e-01
3.919861513472349124e-01
3.922611889203069802e-01
3.925345757799472146e-01
3.928063169383962383e-01
3.930764177157401451e-01
3.933448837288208155e-01
3.936117208803294187e-01
3.938769353482806657e-01
3.941405335756965611e-01
3.944025222605738734e-01
3.946629083460906351e-01
3.949216990110515635e-01
3.951789016605664062e-01
3.954345239169590465e-01
3.956885736108526341e-01
3.959410587725392117e-01
3.961919876235593385e-01
3.964413685684732847e-01
3.966892101868350062e-01
3.969355212253654064e-01
3.971803105903206621e-01
3.974235873400508434e-01
3.976653606777431627e-01
3.979056399443441361e-01
3.981444346116530530e-01
3.983817542755626606e-01
3.986176086492858595e-01
3.988520075571525547e-01
3.990849609283813604e-01
3.993164787909465052e-01
3.995465712655194013e-01
3.997752485590176930e-01
4.000025209596207998e-01
4.002283988301834072e-01
4.004528926027970392e-01
4.006760127739835697e-01
4.008977699052955757e-01
4.011181746155956240e-01
4.013372375607428544e-01
4.015549694562984273e-01
4.017713810641119210e-01
4.019864831797382299e-01
4.022002866265105836e-01
4.024128022539943950e-01
4.026240409341816373e-01
4.028340135594203897e-01
4.030427310387655337e-01
4.032502042943555409e-01
4.034564442578392196e-01
4.036614618668625809e-01
4.038652680605794854e-01
4.040678737724627267e-01
4.042692899315616373e-01
4.044695274597112644e-01
4.046685972687226740e-01
4.048665102573766328e-01
4.050632773084823501e-01
4.052589092868041920e-01
4.054534170361729917e-01
4.056468113764621908e-01
4.058391031005247340e-01
4.060303029711423428e-01
4.062204217164853692e-01
4.064094700283075179e-01
4.065974585581504375e-01
4.067843979118781483e-01
4.069702986408576528e-01
4.071551712975891024e-01
4.073390263418518731e-01
4.075218742210128253e-01
4.077037253047460785e-01
4.078845898650504398e-01
4.080644782602376175e-01
4.082434006735833898e-01
4.084213670930815776e-01
4.085983878516437073e-01
4.087744730534698112e-01
4.089496325984993685e-01
4.091238762247935701e-01
4.092972141002899078e-01
4.094696560272895747e-01
4.096412112767592872e-01
4.098003785090602036e-01
4.099463775010723232e-01
4.100795127763856573e-01
4.101999575669631470e-01
4.103079015429309528e-01
4.104035330704104423e-01
4.104870413365697690e-01
4.105586160314242949e-01
4.106184473228366993e-01
4.106667257869732746e-01
4.107036423394164748e-01
4.107293881626178922e-01
4.107441549011389692e-01
4.107481344449452343e-01
4.107415182313230995e-01
4.107244977300969491e-01
4.106972642810914342e-01
4.106600090292496508e-01
4.106129228438648582e-01
4.105561958570762005e-01
4.104900179526168591e-01
4.104145788384820359e-01
4.103300675609194981e-01
4.102366724977827284e-01
4.101345812657211098e-01
4.100239806432447454e-01
4.099050564909249017e-01
4.097779936722825145e-01
4.096429759747446941e-01
4.095001860308465913e-01
4.093498052396814524e-01
4.091920136886704196e-01
4.090269900756843269e-01
4.088549116315691734e-01
4.086759540431255111e-01
4.084902913765974253e-01
4.082980960016991956e-01
4.080995385162726197e-01
4.078947876715973142e-01
4.076840102984088943e-01
4.074673712337130715e-01
4.072450332484158220e-01
4.070171569758612162e-01
4.067839008413204338e-01
4.065454209925043472e-01
4.063018712311580738e-01
4.060534029458118255e-01
4.058001650457526144e-01
4.055423038962568394e-01
4.052799632552090414e-01
4.050132842111007214e-01
4.047424051225073649e-01
4.044674615590913014e-01
4.041885862441690347e-01
4.039059092185292021e-01
4.036195574669899089e-01
4.033296548642452128e-01
4.030363223445494469e-01
4.027396777862912725e-01
4.024398356253963138e-01
4.021369067375933914e-01
4.018309976553008367e-01
4.015222148232988619e-01
4.012106602912035580e-01
4.008964323216913650e-01
4.005796255819473184e-01
4.002603313624912285e-01
3.999386374534931732e-01
3.996146281436457337e-01
3.992883841804377720e-01
3.989599827470921567e-01
3.986294974381670575e-01
3.982969982444212742e-01
3.979625515139478820e-01
3.976262199263783659e-01
3.972880624730071863e-01
3.969481344730875216e-01
3.966064902081488652e-01
3.962631772494843996e-01
3.959182383705620589e-01
3.955717131639372441e-01
3.952236373170668893e-01
3.948740427782724272e-01
3.945229576195994348e-01
3.941704059943086369e-01
3.938164078689998515e-01
3.934609789481807729e-01
3.931041301718034564e-01
3.927458736735936484e-01
3.923862222934885735e-01
3.920251750444254113e-01
3.916627333707932146e-01
3.912988911206541909e-01
3.909336408613689473e-01
3.905669696963918192e-01
3.901988620153889475e-01
3.898292974258418253e-01
3.894582708587435160e-01
3.890857736923031274e-01
3.887117722654594432e-01
3.883362387199267296e-01
3.879591381377404669e-01
3.875804339814230559e-01
3.872000858111125376e-01
3.868180502238116603e-01
3.864342808763808756e-01
3.860487283617126675e-01
3.856613403357489478e-01
3.852720615437282836e-01
3.848808338904164961e-01
3.844875964948499814e-01
3.840922857539217361e-01
3.836948354048149712e-01
3.832951765903382380e-01
3.828932379254758045e-01
3.824889455657781712e-01
3.820822232772894678e-01
3.816729925080809549e-01
3.812611724612522957e-01
3.808466801693454196e-01
3.804294305700286483e-01
3.800093365828725034e-01
3.795863091870237960e-01
3.791602574994381580e-01
3.787310888533026443e-01
3.782987088761589067e-01
3.778630215671214265e-01
3.774239293724757083e-01
3.769813332588234367e-01
3.765351327829827288e-01
3.760852261578012112e-01
3.756314027178956350e-01
3.751737149012371875e-01
3.747120039445812623e-01
3.742461822922436010e-01
3.737761379805656370e-01
3.733017628618997552e-01
3.728229459803157342e-01
3.723395760225118312e-01
3.718515559961766415e-01
3.713587587835553983e-01
3.708613165009713164e-01
3.703586464987036475e-01
3.698509085683734932e-01
3.693378698465503707e-01
3.688194910508645341e-01
3.682956450936034076e-01
3.677662496408715675e-01
3.672312024262589514e-01
3.666903787240574086e-01
3.661436718580534655e-01
3.655909715718281272e-01
3.650321701572868394e-01
3.644671613735865345e-01
3.638958402911973700e-01
3.633181037639400812e-01
3.627338494861697682e-01
3.621429763582219019e-01
3.615453847674096055e-01
3.609409765672668691e-01
3.603296551882473331e-01
3.597113257087328764e-01
3.590858949456166016e-01
3.584532715396703817e-01
3.578133660432371022e-01
3.571660888737663297e-01
3.565113556860566302e-01
3.558490831986531044e-01
3.551791907746968402e-01
3.545015999586133004e-01
3.538162347505049987e-01
3.531230216131799882e-01
3.524218895731046075e-01
3.517127702866741368e-01
3.509955981180213347e-01
3.502703102128616464e-01
3.495368465751015896e-01
3.487951501467074222e-01
3.480451668917593500e-01
3.472868458926465229e-01
3.465201394651349909e-01
3.457450033066737927e-01
3.449613967107685308e-01
3.441692827804018751e-01
3.433685903173570031e-01
3.425593787184174066e-01
3.417415978946276578e-01
3.409152309276029524e-01
3.400801639031386658e-01
3.392363596652578916e-01
3.383838313818835486e-01
3.375225942049693284e-01
3.366526519524077887e-01
3.357740153803182581e-01
3.348866914692770758e-01
3.339906732618055929e-01
3.330859541773545929e-01
3.321725941538120619e-01
3.312506031092335990e-01
3.303199612757944936e-01
3.293806732467292608e-01
3.284327636549472240e-01
3.274762662360932719e-01
3.265112200936160503e-01
3.255376672150745998e-01
3.245556519428434150e-01
3.235652208448706602e-01
3.225664234995350155e-01
3.215592759699641978e-01
3.205438859923385175e-01
3.195203035485914000e-01
3.184886022342021672e-01
3.174488512346567148e-01
3.164011224171529579e-01
3.153454863714341139e-01
3.142820146315599694e-01
3.132107801578535300e-01
3.121318617317772603e-01
3.110453309113381803e-01
3.099513033591663191e-01
3.088498366573668719e-01
3.077410260538205877e-01
3.066250104305314750e-01
3.055019994533580974e-01
3.043720394106544935e-01
3.032351310885001983e-01
3.020914926330429129e-01
3.009411785826276997e-01
2.997843607003090050e-01
2.986211787435365528e-01
2.974517453858247507e-01
2.962760575013482223e-01
2.950943784146091153e-01
2.939067901846486031e-01
2.927134435616038921e-01
2.915144670840980612e-01
2.903100002462078999e-01
2.891001789990921278e-01
2.878851432889293904e-01
2.866650360175136969e-01
2.854400027753702940e-01
2.842101945014792741e-01
2.829757587820244669e-01
2.817368466505428826e-01
2.804936096227356179e-01
2.792462008611667490e-01
2.779948285929937368e-01
2.767396037292773059e-01
2.754806704537289264e-01
2.742181719063005452e-01
2.729522543253070088e-01
2.716830707995143701e-01
2.704107632633204750e-01
2.691356879821692472e-01
2.678577621873862169e-01
2.665772744350241030e-01
2.652943197828611099e-01
2.640091214978361189e-01
2.627217611026674837e-01
2.614324401040685197e-01
2.601413809366144303e-01
2.588487553691092291e-01
2.575547286089946430e-01
2.562594703296890986e-01
2.549631179299230999e-01
2.536659779135507220e-01
2.523682876640746531e-01
2.510704375645688713e-01
2.497730780031154341e-01
2.484771376282884914e-01
2.471835374758782344e-01
2.458931349516223497e-01
2.446067285334914132e-01
2.433250559816528824e-01
2.420488023245354059e-01
2.407785941561372267e-01
2.395150125471637859e-01
2.382585937885803307e-01
2.370098318464209930e-01
2.357691807209461587e-01
2.345370559048610137e-01
2.333138388955585674e-01
2.320998753052476715e-01
2.308954797765054856e-01
2.297009383678434435e-01
2.285165103322434055e-01
2.273424233150458385e-01
2.261788882148783042e-01
2.250260869949967102e-01
2.238841842132426319e-01
2.227533220038828699e-01
2.216336239725687496e-01
2.205251963618662936e-01
2.194281282814031231e-01
2.183424940420062299e-01
2.172683531417436420e-01
2.162057516844931859e-01
2.151547231976583818e-01
2.141152895252257382e-01
2.130874622992695588e-01
2.120712410356795363e-01
2.110666165756979740e-01
2.100735712249321985e-01
2.090920787206772546e-01
2.081221056043263129e-01
2.071636114954074070e-01
2.062165488184534712e-01
2.052808647693795119e-01
2.043565004247290262e-01
2.034433916341902848e-01
2.025414698617737375e-01
2.016506624431604333e-01
2.007708927715320391e-01
1.999020810635694367e-01
1.990441434113673358e-01
1.981969932495178943e-01
1.973605419092173685e-01
1.965346976734388962e-01
1.957193673456560923e-01
1.949144554038307886e-01
1.941198651127934438e-01
1.933354979459384060e-01
1.925612547264835550e-01
1.917970346085267064e-01
1.910427362708820853e-01
1.902982573240115105e-01
1.895634952753627589e-01
1.888383468412334065e-01
1.881227087947711651e-01
1.874164774321936955e-01
1.867195492999784712e-01
1.860318207530246570e-01
1.853531885896617659e-01
1.846835496105457830e-01
1.840228012247203115e-01
1.833708410288475976e-01
1.827275673614598972e-01
1.820928789172860940e-01
1.814666752719676368e-01
1.808488564578465407e-01
1.802393234786503484e-01
1.796379779029304014e-01
1.790447223655690090e-01
1.784594601350600329e-01
1.778820956331951808e-01
1.773125339768051867e-01
1.767506815097664163e-01
1.761964453121923069e-01
1.756497337564268957e-01
1.751104559746141098e-01
1.745785224505778110e-01
1.740538444345600677e-01
1.735363345839964766e-01
1.730259063191217916e-01
1.725224745272542770e-01
1.720259548258168403e-01
1.715362643488955174e-01
1.710533209164755153e-01
1.705770439269752581e-01
1.701073534015728472e-01
1.696441710104094613e-01
1.691874189618038926e-01
1.687370212069057018e-01
1.682929021125405544e-01
1.678549878300032994e-01
1.674232050183807052e-01
1.669974820036229102e-01
1.665777475022358622e-01
1.661639320323254898e-01
1.657559663485984602e-01
1.653537831548074766e-01
1.649573151865196263e-01
1.645664973170380962e-01
1.641812641904543124e-01
1.638015528362266049e-01
1.634272997224176516e-01
1.630584429516902523e-01
1.626949207008236975e-01
1.623366740975152878e-01
1.619836429011455858e-01
1.616357703743855900e-01
1.612929977770394818e-01
1.609552705621227764e-01
1.606225313074021721e-01
1.602947276858356918e-01
1.599718034559313717e-01
1.596537087489939832e-01
1.593403880116787685e-01
1.590317935941600869e-01
1.587278724173063482e-01
1.584285883828808750e-01
1.581345513146878989e-01
1.578690369300497220e-01
1.576068582569314369e-01
1.573745120297501687e-01
1.571442057398342307e-01
1.569459589292021562e-01
1.567484235649500013e-01
1.565841495082659351e-01
1.564192236840640238e-01
1.562899087883495852e-01
1.561586336071979497e-01
1.560639935341738282e-01
1.559658234120382403e-01
1.559073495850107349e-01
1.558438349559312930e-01
1.558206003785063132e-01
1.557908938193356407e-01
1.558046917065605830e-01
1.558102188206913485e-01
1.558601623020018367e-01
1.559001920551126852e-01
1.559878349881788639e-01
1.560638139998641871e-01
1.561881722981515175e-01
1.562991185358060253e-01
1.564619996460882012e-01
1.566096064076553107e-01
1.568096600160375775e-01
1.569925974326754625e-01
1.572319000064402728e-01
1.574521067088344717e-01
1.577289871188995440e-01
1.579848404781042936e-01
1.583016462105332200e-01
1.585953474750429470e-01
1.589499451565705157e-01
1.592794627949395969e-01
1.596745663413531302e-01
1.600423613837684278e-01
1.604754745309708852e-01
1.608791906845195019e-01
1.613531804339776166e-01
1.617955107760382094e-01
1.623076842963369626e-01
1.627860410112592637e-01
1.633394135332229546e-01
1.638566308971650121e-01
1.644481746540370493e-01
1.650013473574272749e-01
1.656344797211888875e-01
1.662268167619920245e-01
1.668977685453489346e-01
1.675256533739056808e-01
1.682378393330548061e-01
1.689044597740477771e-01
1.696552380103044100e-01
1.703580246518646146e-01
1.711496995254320197e-01
1.718907493870568404e-01
1.727206515801487097e-01
1.734975993352683155e-01
1.743670190505979267e-01
1.751812684877306903e-01
1.760829406048583512e-01
1.769418943437779390e-01
1.778817352475046132e-01
1.787786916657864156e-01
1.797525222666594980e-01
1.806915076423808997e-01
1.817013900554549366e-01
1.826788726115092243e-01
1.837231411430360062e-01
1.847411354521228399e-01
1.858202438188634176e-01
1.868772746651379268e-01
1.879905948035642260e-01
1.890866208048700980e-01
1.902334806178315185e-01
1.913681942469159791e-01
1.925483011647650122e-01
1.937211590190755506e-01
1.949341673140287945e-01
1.961448565984271752e-01
1.973905390609023147e-01
1.986382918367360362e-01
1.999164870770687719e-01
2.012006576809409752e-01
2.025110574690220933e-01
2.038309879385462597e-01
2.051732605743953330e-01
2.065278229649740172e-01
2.079019585797514669e-01
2.092905622507047481e-01
2.106965028844822174e-01
2.121175259403754176e-01
2.135547417294806349e-01
2.150082127940649013e-01
2.164741310217814796e-01
2.179523780970393232e-01
2.194397282606288524e-01
2.209358360416688871e-01
2.224380945429809131e-01
2.239460006429137562e-01
2.254574488143412658e-01
2.269718382108911192e-01
2.284874746395622047e-01
2.300037042415805089e-01
2.315191561905405870e-01
2.330331720897287906e-01
2.345446325807893362e-01
2.360529042800671440e-01
2.375570665367891521e-01
2.390565292539296172e-01
2.405505311066361562e-01
2.420385357644624924e-01
2.435199101674246913e-01
2.449941762166187309e-01
2.464608064299246282e-01
2.479193816770086101e-01
2.493694624207933863e-01
2.508106871383533609e-01
2.522426906533766777e-01
2.536651649907096240e-01
2.550778084934858803e-01
2.564803630507063725e-01
2.578725818418290405e-01
2.592542523285600864e-01
2.606251751039896369e-01
2.619851787580187441e-01
2.633341057413272068e-01
2.646718213124368835e-01
2.659982044503925724e-01
2.673131532606831118e-01
2.686165786792598653e-01
2.699084081232028809e-01
2.711885807290270178e-01
2.724570496589085455e-01
2.737137788462309929e-01
2.749587442189366238e-01
2.761919313535794451e-01
2.774133362365072131e-01
2.786229634251892184e-01
2.798208264691268155e-01
2.810069464938814709e-01
2.821813524138223617e-01
2.833440797722076021e-01
2.844951708557931780e-01
2.856346737054707985e-01
2.867626421750653076e-01
2.878791351476888138e-01
2.889842164538916625e-01
2.900779542481106144e-01
2.911604209216448469e-01
2.922316925260377007e-01
2.932918487428879395e-01
2.943409723277936596e-01
2.953791491097004229e-01
2.964064674627481244e-01
2.974230183468731248e-01
2.984288947891476362e-01
2.994241919784044192e-01
3.004090067344940551e-01
3.013834376754363498e-01
3.023475846466112116e-01
3.033015489886614624e-01
3.042454328863957169e-01
3.051793397833179600e-01
3.061033735870076211e-01
3.070176393066160192e-01
3.079222420085411249e-01
3.088172878169782587e-01
3.097028824336668928e-01
3.105791327438255367e-01
3.114461445559453256e-01
3.123040252840625919e-01
3.131528802541203027e-01
3.139928174036636932e-01
3.148239408010576890e-01
3.156463592876566637e-01
3.164601743841758408e-01
3.172654970938694752e-01
3.180624238549228378e-01
3.188510711381923324e-01
3.196315246137961807e-01
3.204039146324877407e-01
3.211683021602076971e-01
3.219248534622096147e-01
3.226735683837424484e-01
3.234147089342727099e-01
3.241481132743878057e-01
3.248743099197681228e-01
3.255926805952399916e-01
3.263045341537363919e-01
3.270078871599850778e-01
3.277064543107652828e-01
3.283939392881275454e-01
3.290818354851486882e-01
3.297497312175901030e-01
3.304338957247083264e-01
3.310737966697375190e-01
3.317561163134947200e-01
3.323735089578194191e-01
3.330405948364337787e-01
3.336402861594994218e-01
3.342916206984034577e-01
3.348740612696285979e-01
3.355100818822053799e-01
3.360757154497697741e-01
3.366968434380332442e-01
3.372460736664750214e-01
3.378527192969853488e-01
3.383859573110658547e-01
3.389785050618184803e-01
3.394961384445015495e-01
3.400749673215559543e-01
3.405773545078902287e-01
3.411428168441175690e-01
3.416303234367727981e-01
3.421827722650492842e-01
3.426557529550592895e-01
3.431955240435174415e-01
3.436542982038278127e-01
3.441817167779231967e-01
3.446266004186495091e-01
3.451419672429025254e-01
3.455732613370204875e-01
3.460768721167240547e-01
3.464948726241832144e-01
3.469870204142093684e-01
3.473920076200193718e-01
3.478729615322249114e-01
3.482652009451379094e-01
3.487352232037201349e-01
3.491149689468326933e-01
3.495743119759173734e-01
3.499418187912625156e-01
3.503907255604382653e-01
3.507462386047938696e-01
3.511849491044675697e-01
3.515286956800907081e-01
3.519574294939113446e-01
3.522896212707113395e-01
3.527085994172367012e-01
3.530294604533688596e-01
3.534388892081417599e-01
3.537486228780908348e-01
3.541486938880452073e-01
3.544474865818023623e-01
3.548383965806536366e-01
3.551264428146962415e-01
3.555083752933453911e-01
3.557858567681823625e-01
3.561589950800305160e-01
3.564260916495529674e-01
3.567906045279735094e-01
3.570474819355562990e-01
3.574035313060375252e-01
3.576503463245135350e-01
3.579980897164349307e-01
3.582350056063717814e-01
3.585745951973595136e-01
3.588017604259618465e-01
3.591333402277406828e-01
3.593508915558717987e-01
3.596745999802791194e-01
3.598826771285875692e-01
3.601986458782697187e-01
3.603973758011860262e-01
3.607057269511694253e-01
3.608952458270102692e-01
3.611960982907520545e-01
3.613765211010552814e-01
3.616700058894833925e-01
3.618414544227345209e-01
3.621276802719620713e-01
3.622902648497712819e-01
3.625693453259919430e-01
3.627231854770469055e-01
3.629952368257799433e-01
3.631404421114618475e-01
3.634055485187668855e-01
3.635422071305130509e-01
3.638004631859383387e-01
3.639286778767842345e-01
3.641801754965976468e-01
3.643000350794520226e-01
3.645448659391888890e-01
3.646564716875069223e-01
3.648947267538470984e-01
3.649981551329562479e-01
3.652299040977267097e-01
3.653252487886857192e-01
3.655505808330207773e-01
3.656379208385170387e-01
3.658569016420754605e-01
3.659363095118248754e-01
3.661490164012068949e-01
3.662205797484758829e-01
3.664270885121773680e-01
3.664908868441630885e-01
3.666912713188257844e-01
3.667473722184395046e-01
3.669417025101512908e-01
3.669901781435613852e-01
3.671785135778282694e-01
3.672194307924537271e-01
3.674018389116495142e-01
3.674352714087928407e-01
3.676118105215236409e-01
3.676378165982012169e-01
3.678085477553280080e-01
3.678272059666748417e-01
3.679922046325001528e-01
3.680035830961357890e-01
3.681628978882630077e-01
3.681670560997605812e-01
3.683207471264662858e-01
3.683177487274124084e-01
3.684658789434039905e-01
3.684557924393299655e-01
3.685984173677371301e-01
3.685813169037647774e-01
3.687185133535258452e-01
3.686944628662143786e-01
3.688262813809919383e-01
3.687953527261239040e-01
3.689218734076188388e-01
3.688841459177242266e-01
3.690054420844157135e-01
3.689609925835866666e-01
3.690771331615265161e-01
3.690260399319065243e-01
3.691371082906429457e-01
3.690794608980871860e-01
3.691855425912385358e-01
3.691214323446098677e-01
3.692226074986526552e-01
3.691521258843287745e-01
3.692485025040344038e-01
3.691717693230172070e-01
3.692634795566073769e-01
3.691806269107019145e-01
3.692678071030861542e-01
3.691789733049856692e-01
3.692617720490026234e-01
3.691671129717884470e-01
3.692456980809866729e-01
3.691453867134496525e-01
3.692199513521187693e-01
3.691141807302057987e-01
3.691849412655900387e-01
3.690739439412994982e-01
3.691411801460776632e-01
3.690252328284913674e-01
3.690892614793794824e-01
3.689686662082663493e-01
3.690298581135454392e-01
3.689049855906289532e-01
3.689637760188971827e-01
3.688350406565311657e-01
3.688919499160500104e-01
3.687598541398185992e-01
3.688154955058579598e-01
3.686806191405896937e-01
3.687357532981676567e-01
3.685988009616528172e-01
3.686543373568732518e-01
3.685161372099546861e-01
3.685731736195473895e-01
3.684347084461974120e-01
3.684945757272451994e-01
3.683570218656880835e-01
3.684213566063470058e-01
3.682861187537422309e-01
3.683569007978303445e-01
3.682256433764253822e-01
3.683052486816310589e-01
3.681799336513913445e-01
3.682712409989353786e-01
3.681541755756709278e-01
3.682605017769148836e-01
3.681543234504546791e-01
3.682793356936258644e-01
3.681869412427342669e-01
3.683342589094261710e-01
3.682586032735205017e-01
3.684310996185357068e-01
3.683748077374860985e-01
3.685737098340864937e-01
3.685385338575070668e-01
3.687632582623632249e-01
3.687498325216911343e-01
3.689988692124627767e-01
3.690069246527072355e-01
3.692791209009541609e-01
3.693081490358515184e-01
3.696027747417963694e-01
3.696522753353677637e-01
3.699688516342334310e-01
3.700383783310715602e-01
3.703765035746539036e-01
3.704657264567128294e-01
3.708250266770944936e-01
3.709336633100142055e-01
3.713137679160634086e-01
3.714415743032092876e-01
3.718421363685960324e-01
3.719889315941535823e-01
3.724095956482751935e-01
3.725752522891463414e-01
3.730157421688357622e-01
3.732001942026984542e-01
3.736600439497201886e-01
3.738632442383762466e-01
3.743421466377510609e-01
3.745641126621989114e-01
3.750614512255214805e-01
3.753023377898345725e-01
3.758179516608438631e-01
3.760778541353866355e-01
3.766108638357317240e-01
3.768899637677661230e-01
3.774403424893341130e-01
3.777391059044836741e-01
3.783050019386601237e-01
3.786233727884769085e-01
3.792074479874385506e-01
3.795469468562063242e-01
3.801373616879085149e-01
3.804947075054010419e-01
3.811275885893657955e-01
3.815154721684231864e-01
3.820204528973288327e-01
3.823752635340478268e-01
3.828402367647508742e-01
3.831408866887516806e-01
3.836500702152359499e-01
3.839507398008643602e-01
3.844460639791069112e-01
3.847668055731735537e-01
3.853993600831009392e-01
3.857864871818755814e-01
3.863824675432968592e-01
3.866592029677439202e-01
3.872151308296120087e-01
3.875516290326799229e-01
3.879520817321394643e-01
3.881942444283681404e-01
3.885243471560321793e-01
3.886326969627511008e-01
3.887446589326235546e-01
3.889657247631085890e-01
3.890719586748274117e-01
3.892692100264676380e-01
3.893337953937145990e-01
3.896294759793723639e-01
3.897288445525423084e-01
3.898585919506888375e-01
3.899093058533905642e-01
3.899250997891518522e-01
3.898607077553121747e-01
3.897700598928615090e-01
3.895944406268660454e-01
3.894061903595458229e-01
3.891219283678144514e-01
3.888534930510660903e-01
3.884640479685556591e-01
3.881791363217128032e-01
3.877025278055103996e-01
3.873373478151062588e-01
3.868796752447667409e-01
3.864775339769781493e-01
3.859782361018349039e-01
3.855592119955027486e-01
3.850331882890855595e-01
3.846413778591805110e-01
3.841184377335454259e-01
3.838938181441914899e-01
3.834572530871176999e-01
3.831029743984305513e-01
3.826293587677812025e-01
3.822156240454900877e-01
3.816381865763752157e-01
3.812854769162985491e-01
3.806507863139791392e-01
3.804512070135689372e-01
3.799590473955576364e-01
3.796704505206165425e-01
3.791264072028587284e-01
3.790271716255473322e-01
3.786275575133902227e-01
3.784170765765659805e-01
3.779586926984478401e-01
3.779299651775904767e-01
3.776056855477357144e-01
3.774119937048558970e-01
3.770269972664973546e-01
3.766581531416778317e-01
3.767295639449465550e-01
3.764813787376693477e-01
3.764254337922564031e-01
3.761050706482046979e-01
3.762458568492713651e-01
3.760591483193679307e-01
3.760592360820363966e-01
3.757952073477303090e-01
3.759966415112922511e-01
3.758628215096584957e-01
3.759123255083123283e-01
3.756966344638614785e-01
3.759550031208164222e-01
3.758681549205507566e-01
3.759693006346851440e-01
3.757957614935886204e-01
3.761132629379330128e-01
3.760683761070032771e-01
3.762241185208909933e-01
3.760860228576602404e-01
3.764319050222363350e-01
3.764110446490708806e-01
3.765786412169551678e-01
3.764630113878086326e-01
3.768391208318305208e-01
3.768410793694332295e-01
3.770240728141318609e-01
3.769287738155106537e-01
3.773265377303173240e-01
3.773458274465071316e-01
3.775352034972175863e-01
3.774560600525007081e-01
3.778760658238209946e-01
3.779114546406764363e-01
3.781089369843386727e-01
3.780441791117943318e-01
3.784805795060987577e-01
3.785282151296440745e-01
3.787278753205158277e-01
3.786745426700849348e-01
3.791270330568566882e-01
3.791856664617558326e-01
3.793877763828307215e-01
3.793443508639688933e-01
3.798093416533372402e-01
3.798764489963432078e-01
3.800776485918441194e-01
3.800421204549220833e-01
3.805188172437160565e-01
3.805932159075321453e-01
3.807930866080525001e-01
3.807642139206980358e-01
3.812502899382804178e-01
3.813302549035373357e-01
3.815266856860352607e-01
3.815030502569788928e-01
3.819977711770740081e-01
3.820823741914790572e-01
3.822749107097849208e-01
3.822555617345786416e-01
3.827571043269256679e-01
3.828450473497827522e-01
3.830321253847787100e-01
3.830160412356934385e-01
3.835238592328327201e-01
3.836144649065705847e-01
3.837957535517504959e-01
3.837822426958554245e-01
3.842951871533602515e-01
3.843875860843563586e-01
3.845621705278097213e-01
3.845505234334472000e-01
3.850680823435180811e-01
3.851617369283757419e-01
3.853293084884129582e-01
3.853190091972646947e-01
3.858403400375935988e-01
3.859346212718399172e-01
3.860945381345683991e-01
3.860850792858292468e-01
3.866098399550041975e-01
3.867043787505147767e-01
3.868564781316266021e-01
3.868475025896737640e-01
3.873750616082496379e-01
3.874694014166421008e-01
3.876132894619480074e-01
3.876044409794786594e-01
3.881343521608602298e-01
3.882281520767195682e-01
3.883634840032759161e-01
3.883544863042983630e-01
3.888864472162593122e-01
3.889794762847096354e-01
3.891061289603038320e-01
3.890967873519895481e-01
3.896304673624426673e-01
3.897225084605797640e-01
3.898404394093993308e-01
3.898305974379779881e-01
3.903656538882261939e-01
3.904564958697381294e-01
3.905655063479444578e-01
3.905550321949148307e-01
3.910912845333799348e-01
3.911808251063164099e-01
3.912809590134999627e-01
3.912697755400240673e-01
3.918069287713858984e-01
3.918950315269644213e-01
3.919861865138175583e-01
3.919742249983263482e-01
3.925120376145239121e-01
3.925986162292937620e-01
3.926807687560295301e-01
3.926679935541210198e-01
3.932060488293289136e-01
3.932909740911590957e-01
3.933640791794890124e-01
3.933505391498464121e-01
3.938884192880074409e-01
3.939715265206221728e-01
3.940353381360875984e-01
3.940209843890885022e-01
3.945576369905242076e-01
3.946388747807186292e-01
3.946930812543263944e-01
3.946782402947611179e-01
3.952110816009624106e-01
3.952896380222092887e-01
3.953320831154413240e-01
3.953166097369664733e-01
3.958304572034843649e-01
3.959018687277411352e-01
3.959169491274334152e-01
3.959053869516236390e-01
3.960522463672121463e-01
3.959714376772979771e-01
3.960501915788107175e-01
3.958980813521983944e-01
3.959319608036765414e-01
3.957252404025135561e-01
3.957586240018019508e-01
3.955250042531817667e-01
