1.395740039559986156e-01
1.412934947636004246e-01
1.430123743140071235e-01
1.447305609944632698e-01
1.464479732995425387e-01
1.481645298368522157e-01
1.498801493327164835e-01
1.515947506378374221e-01
1.533082527329315270e-01
1.550205747343422480e-01
1.567316358996255765e-01
1.584413556331087658e-01
1.601496534914227110e-01
1.618564491890021606e-01
1.635616626035587551e-01
1.652652137815197320e-01
1.669670229434381536e-01
1.686670104893653876e-01
1.703650970041931112e-01
1.720612032629577071e-01
1.737552502361094375e-01
1.754471590947427329e-01
1.771368512157904529e-01
1.788242481871768486e-01
1.805092718129316653e-01
1.821918441182614756e-01
1.838718873545815702e-01
1.855493240045014980e-01
1.872240767867692779e-01
1.888960686611696749e-01
1.905652228333770404e-01
1.922314627597613290e-01
1.938947121521471806e-01
1.955548949825247629e-01
1.972119354877104602e-01
1.988657581739598779e-01
2.005162878215279443e-01
2.021634494891788592e-01
2.038071685186438886e-01
2.054473705390261751e-01
2.070839814711515348e-01
2.087169275318645767e-01
2.103461352382721972e-01
2.119715314119278438e-01
2.135930431829627385e-01
2.152105979941578706e-01
2.168241236049596732e-01
2.184335480954368580e-01
2.200387998701800463e-01
2.216398076621388658e-01
2.232365005364035371e-01
2.248288078939221224e-01
2.264166594751600980e-01
2.279999853636956453e-01
2.295787159897566543e-01
2.311527821336920030e-01
2.327221149293827174e-01
2.342866458675885166e-01
2.358463067992320750e-01
2.374010299386192235e-01
2.389507478665942042e-01
2.404953935336315296e-01
2.420349002628627288e-01
2.435692017530382558e-01
2.450982320814231175e-01
2.466219257066289416e-01
2.481402174713785991e-01
2.496530426052061546e-01
2.511603367270889842e-01
2.526620358480162198e-01
2.541580763734884729e-01
2.556483951059524418e-01
2.571329292471690176e-01
2.586116164005133333e-01
2.600843945732103646e-01
2.615512021785018626e-01
2.630119780377472294e-01
2.644666613824588897e-01
2.659151918562692174e-01
2.673575095168316262e-01
2.687935548376561012e-01
2.702232687098767849e-01
2.716465924439537827e-01
2.730634677713096869e-01
2.744738368458998767e-01
2.758776422457153710e-01
2.772748269742227323e-01
2.786653344617367467e-01
2.800491085667290991e-01
2.814260935770708238e-01
2.827962342112123606e-01
2.841594756192969418e-01
2.855157633842125287e-01
2.868650435225776341e-01
2.882072624856663046e-01
2.895423671602689319e-01
2.908703048694901150e-01
2.921910233734869022e-01
2.935044708701428084e-01
2.948105959956818234e-01
2.961093478252224687e-01
2.974006758732706257e-01
2.986845300941532444e-01
2.999608608823934874e-01
3.012296190730258116e-01
3.024907559418549274e-01
3.037442232056555280e-01
3.049899730223173400e-01
3.062279579909319982e-01
3.074581311518250204e-01
3.086804459865338246e-01
3.098948564177300136e-01
3.111013168090888681e-01
3.122997819651063267e-01
3.134902071308626192e-01
3.146725479917352186e-01
3.158467606730617772e-01
3.170128017397511599e-01
3.181706281958470717e-01
3.193201974840423896e-01
3.204614674851461453e-01
3.215943965175026009e-01
3.227189433363664151e-01
3.238350671332308472e-01
3.249427275351115529e-01
3.260418846037883567e-01
3.271324988350017837e-01
3.282145311576110669e-01
3.292879429327084662e-01
3.303526959526945084e-01
3.314087524403142027e-01
3.324560750476551196e-01
3.334946268551075566e-01
3.345243713702888422e-01
3.355452725269319481e-01
3.365572946837394608e-01
3.375604026232034705e-01
3.385545615503950945e-01
3.395397370917183077e-01
3.405158952936375161e-01
3.414830026213713232e-01
3.424410259575613180e-01
3.433899326009096087e-01
3.443296902647919322e-01
3.452602670758435632e-01
3.461816315725224080e-01
3.470937527036447867e-01
3.479965998269021754e-01
3.488901427073541894e-01
3.497743515159002503e-01
3.506491968277329341e-01
3.515146496207717797e-01
3.523706812740796113e-01
3.532172635662615412e-01
3.540543686738485407e-01
3.548819691696671330e-01
3.557000380211939872e-01
3.565085485888985772e-01
3.573074746245742395e-01
3.580967902696582938e-01
3.588764700535424512e-01
3.596464888918748937e-01
3.604068220848549720e-01
3.611574453155200204e-01
3.618983346480278418e-01
3.626294665259343630e-01
3.633508177704665720e-01
3.640623655787946222e-01
3.647640875223001622e-01
3.654559615448462195e-01
3.661379659610454196e-01
3.668100794545303689e-01
3.674722810762260927e-01
3.681245502426264693e-01
3.687668667340729400e-01
3.693992106930398256e-01
3.700215626224256926e-01
3.706339033838504937e-01
3.712362141959608675e-01
3.718284766327459856e-01
3.724106726218604502e-01
3.729827844429590700e-01
3.735447947260437385e-01
3.740966864498210254e-01
3.746384429400744787e-01
3.751700478680492501e-01
3.756914852488544843e-01
3.762027394398781976e-01
3.767037951392204764e-01
3.771946373841439382e-01
3.776752515495422902e-01
3.781456233464276506e-01
3.786057388204372987e-01
3.790555843503616296e-01
3.794951466466938150e-01
3.799244127501989476e-01
3.803433700305096088e-01
3.807520061847415871e-01
3.811503092361360756e-01
3.815382675327248507e-01
3.819158697460229290e-01
3.822831048697447609e-01
3.826399622185501226e-01
3.829864314268154879e-01
3.833225024474347098e-01
3.836481655506464583e-01
3.839634113228923562e-01
3.842682306657062008e-01
3.845626147946288875e-01
3.848465552381614141e-01
3.851200438367414214e-01
3.853830727417572044e-01
3.856356344145916992e-01
3.858777216257009424e-01
3.861093274537233389e-01
3.863304452846246240e-01
3.865410688108778525e-01
3.867411920306747519e-01
3.869308092471743232e-01
3.871099150677881351e-01
3.872785044034968149e-01
3.874365724682071743e-01
3.875841147781428631e-01
3.877211271512728819e-01
3.878476057067767879e-01
3.879635468645462604e-01
3.880689473447239690e-01
3.881638041672837436e-01
3.882481146516422732e-01
3.883218764163134384e-01
3.883850873786005020e-01
3.884377457543233270e-01
3.884798500575888380e-01
3.885113991005955669e-01
3.885323919934808301e-01
3.885428281442027121e-01
3.885427072584640706e-01
3.885320293396735680e-01
3.885107946889468367e-01
3.884790039051448929e-01
3.884366578849530183e-01
3.883837578229962229e-01
3.883203052119978960e-01
3.882463018429705981e-01
3.881617498054512616e-01
3.880666514877719742e-01
3.879610095773691758e-01
3.878448270611327686e-01
3.877181072257893657e-01
3.875808536583297270e-01
3.874330702464662268e-01
3.872747611791346189e-01
3.871059309470281651e-01
3.869265843431703988e-01
3.867367264635248048e-01
3.865363627076409681e-01
3.863254987793355855e-01
3.861041406874089477e-01
3.858722947463997244e-01
3.856299675773702806e-01
3.853771661087304623e-01
3.851138975770921902e-01
3.848401695281618018e-01
3.845559898176611480e-01
3.842613666122843830e-01
3.839563083906879504e-01
3.836408239445086577e-01
3.833149223794177218e-01
3.829786131162015717e-01
3.826319058918759008e-01
3.822748107608295864e-01
3.819073380959934760e-01
3.815294985900445357e-01
3.811413032566324799e-01
3.807427634316363219e-01
3.803338907744477360e-01
3.799146972692792334e-01
3.794851952264991501e-01
3.790453972839916141e-01
3.785953164085383293e-01
3.781349658972273931e-01
3.776643593788816533e-01
3.771835108155101590e-01
3.766924345037818145e-01
3.761911450765183518e-01
3.756796575042070097e-01
3.751579870965329744e-01
3.746261495039292511e-01
3.740841607191444096e-01
3.735320370788263733e-01
3.729697952651219728e-01
3.723974523072920428e-01
3.718150255833402862e-01
3.712225328216544606e-01
3.706199921026600563e-01
3.700074218604879062e-01
3.693848408846482911e-01
3.687522683217174246e-01
3.681097236770320968e-01
3.674572268163919242e-01
3.667947979677692594e-01
3.661224577230227095e-01
3.654402270396194807e-01
3.647481272423584997e-01
3.640461800250986979e-01
3.633344074524881284e-01
3.626128319616951923e-01
3.618814763641406418e-01
3.611403638472268640e-01
3.603895179760673861e-01
3.596289626952134943e-01
3.588587223303760232e-01
3.580788215901435367e-01
3.572892855676941259e-01
3.564901397425021545e-01
3.556814099820345687e-01
3.548631225434414338e-01
3.540353040752342584e-01
3.531979816189559362e-01
3.523511826108380318e-01
3.514949348834436327e-01
3.506292666672996550e-01
3.497542065925126065e-01
3.488697836903682514e-01
3.479760273949151772e-01
3.470729675445307083e-01
3.461606343834683353e-01
3.452390585633829390e-01
3.443082711448394728e-01
3.433683035987956655e-01
3.424191878080636853e-01
3.414609560687488776e-01
3.404936410916619138e-01
3.395172760037063475e-01
3.385318943492380273e-01
3.375375300913983634e-01
3.365342176134182850e-01
3.355219917198905000e-01
3.345008876380147766e-01
3.334709410188077539e-01
3.324321879382825529e-01
3.313846648985935839e-01
3.303284088291473797e-01
3.292634570876776801e-01
3.281898474612832128e-01
3.271076181674307803e-01
3.260168078549164350e-01
3.249174556047907392e-01
3.238096009312416146e-01
3.226932837824371125e-01
3.215685445413276611e-01
3.204354240264021270e-01
3.192939634924050751e-01
3.181442046310049010e-01
3.169861895714198852e-01
3.158199608809970083e-01
3.146455615657443583e-01
3.134630350708147994e-01
3.122724252809424006e-01
3.110737765208294592e-01
3.098671335554826767e-01
3.086525415904989300e-01
3.074300462723010829e-01
3.061996936883183973e-01
3.049615303671175948e-01
3.037156032784774640e-01
3.024619598334112869e-01
3.012006478841329216e-01
2.999317157239677623e-01
2.986552120872083549e-01
2.973711861489110042e-01
2.960796875246379800e-01
2.947807662701391052e-01
2.934744728809759451e-01
2.921608582920873221e-01
2.908399738772938781e-01
2.895118714487436851e-01
2.881766032562972923e-01
2.868342219868499909e-01
2.854847807635947921e-01
2.841283331452216787e-01
2.827649331250556286e-01
2.813946351301307991e-01
2.800174940202018181e-01
2.786335650866921254e-01
2.772429040515775323e-01
2.758455670662063319e-01
2.744416107100539626e-01
2.730310919894133881e-01
2.716140683360207531e-01
2.701905976056145353e-01
2.687607380764305831e-01
2.673245484476303169e-01
2.658820878376628172e-01
2.644334157825625753e-01
2.629785922341779658e-01
2.615176775583361590e-01
2.600507325329406982e-01
2.585778183460010760e-01
2.570989965935977506e-01
2.556143292777790510e-01
2.541238788043926888e-01
2.526277079808483261e-01
2.511258800138169711e-01
2.496184585068599859e-01
2.481055074579944231e-01
2.465870912571902496e-01
2.450632746838019016e-01
2.435341229039337807e-01
2.419997014677385261e-01
2.404600763066515046e-01
2.389153137305571883e-01
2.373654804248917505e-01
2.358106434476799351e-01
2.342508702265064247e-01
2.326862285554229803e-01
2.311167865917916342e-01
2.295426128530622667e-01
2.279637762134880674e-01
2.263803459007767693e-01
2.247923914926785449e-01
2.231999829135123958e-01
2.216031904306288158e-01
2.200020846508126127e-01
2.183967365166220032e-01
2.167872173026694216e-01
2.151735986118396005e-01
2.135559523714504193e-01
2.119343508293518863e-01
2.103088665499681931e-01
2.086795724102806782e-01
2.070465415957550015e-01
2.054098475962074788e-01
2.037695642016202346e-01
2.021257654978965146e-01
2.004785258625638722e-01
1.988279199604202352e-01
1.971740227391300393e-01
1.955169094247636574e-01
1.938566555172876738e-01
1.921933367860018671e-01
1.905270292649268171e-01
1.888578092481412174e-01
1.871857532850696448e-01
1.855109381757227005e-01
1.838334409658903545e-01
1.821533389422874405e-01
1.804707096276545186e-01
1.787856307758130259e-01
1.770981803666776266e-01
1.754084366012247653e-01
1.737164778964194745e-01
1.720223828801010213e-01
1.703262303858279203e-01
1.686280994476837269e-01
1.669280692950461942e-01
1.652262193473159335e-01
1.635226292086120192e-01
1.618173786624298449e-01
1.601105476662661176e-01
1.584022163462095456e-01
1.566924649915009127e-01
1.549813740490590397e-01
1.532690241179795188e-01
1.515554959440027216e-01
1.498408704139539693e-01
1.481252285501572785e-01
1.464086515048218518e-01
1.446912205544058916e-01
1.429730170939542411e-01
1.412541226314152631e-01
1.395346187819352102e-01
1.378145872621329981e-01
1.360941098843537200e-01
1.343732685509074765e-01
1.326521452482871399e-01
1.309308220413732682e-01
1.292093810676225307e-01
1.274879045312426185e-01
1.257664746973559955e-01
1.240451738861502173e-01
1.223240844670193395e-01
1.206032888526959168e-01
1.188828694933750096e-01
1.171629088708304178e-01
1.154434894925276400e-01
1.137246938857290612e-01
1.120066045915986963e-01
1.102893041593018542e-01
1.085728751401067171e-01
1.068574000814830893e-01
1.051429615212039204e-01
1.034296419814490220e-01
1.017175239629102834e-01
1.000066899389049913e-01
9.829722234949078707e-02
9.658920359558956226e-02
9.488271603311967950e-02
9.317784196713577161e-02
9.147466364597778288e-02
8.977326325543422136e-02
8.807372291291452882e-02
8.637612466163639702e-02
8.468055046482662884e-02
8.298708219993770896e-02
8.129580165288161075e-02
7.960679051227929903e-02
7.792013036372978652e-02
7.623590268409966009e-02
7.455418883583150857e-02
7.287507006127454112e-02
7.119862747703845085e-02
6.952494206836964952e-02
6.785409468355345364e-02
6.618616602833982121e-02
6.452123666039746852e-02
6.285938698379496536e-02
6.120069724350821194e-02
5.954524751996020937e-02
5.789311772358878005e-02
5.624438758944512451e-02
5.459913667182683672e-02
5.295744433894032654e-02
5.131938976759849169e-02
4.968505193795400010e-02
4.805450962826468553e-02
4.642784140969813400e-02
4.480512564117142271e-02
4.318644046422842608e-02
4.157186379795646536e-02
3.996147333394080292e-02
3.835534653126010385e-02
3.675356061152154630e-02
3.515619255393805098e-02
3.356331909044643624e-02
3.197501670086876080e-02
3.039136160811692355e-02
2.881242977343989597e-02
2.723829689171826385e-02
2.566903838679966687e-02
2.410472940688351134e-02
2.254544481995036237e-02
2.099125920923713279e-02
1.944224686876092761e-02
1.789848179889024643e-02
1.636003770196334250e-02
1.482698797795730522e-02
1.329940572020379269e-02
1.177736371115610525e-02
1.026093441820520591e-02
8.750189989547046965e-03
7.245202250098538299e-03
5.746042697468006777e-03
4.252782497972965037e-03
2.765492482712926525e-03
1.284243143692069544e-03
-1.908953700046622792e-04
-1.659853255983625986e-03
-3.122561062261539067e-03
-4.578949690930683020e-03
-6.028950401773470330e-03
-7.472494815820740488e-03
-8.909514918858468802e-03
-1.033994306487949141e-02
-1.176371197948319208e-02
-1.318075476321910536e-02
-1.459100489487855090e-02
-1.599439623473139505e-02
-1.739086302770785977e-02
-1.878033990652785284e-02
-2.016276189477576170e-02
-2.153806440991948290e-02
-2.290618326627782281e-02
-2.426705467793224824e-02
-2.562061526158445485e-02
-2.696680203936175149e-02
-2.830555244156674616e-02
-2.963680430937410543e-02
-3.096049589747414815e-02
-3.227656587666156984e-02
-3.358495333637329799e-02
-3.488559778717058302e-02
-3.617843916317007441e-02
-3.746341782442183521e-02
-3.874047455923408656e-02
-4.000955058644700690e-02
-4.127058755765349030e-02
-4.252352755936924383e-02
-4.376831311515056583e-02
-4.500488718766215701e-02
-4.623319318069261247e-02
-4.745317494112201440e-02
-4.866477676083711540e-02
-4.986794337859742909e-02
-5.106261998185364359e-02
-5.224875220851454838e-02
-5.342628614866828940e-02
-5.459516834625308818e-02
-5.575534580068207402e-02
-5.690676596842027257e-02
-5.804937676451493722e-02
-5.918312656407949401e-02
-6.030796420373267519e-02
-6.142383898299123846e-02
-6.253070066561852713e-02
-6.362849948092891283e-02
-6.471718612504862023e-02
-6.579671176213286454e-02
-6.686702802554161940e-02
-6.792808701897151691e-02
-6.897984131754837656e-02
-7.002224396887700431e-02
-7.105524849405270293e-02
-7.207880888863107960e-02
-7.309287962355964785e-02
-7.409741564607265352e-02
-7.509237238054426722e-02
-7.607770572930858122e-02
-7.705337207344013783e-02
-7.801932827350070709e-02
-7.897553167024895515e-02
-7.992194008531644522e-02
-8.085851182185033181e-02
-8.178520566512048617e-02
-8.270198088309731188e-02
-8.360879722699431082e-02
-8.450561493178201933e-02
-8.539239471666912329e-02
-8.626909778555580388e-02
-8.713568582745620517e-02
-8.799212101689329879e-02
-8.883836601426568780e-02
-8.967438396618704344e-02
-9.050013850579936847e-02
-9.131559375306083637e-02
-9.212071431500795660e-02
-9.291546528599312071e-02
-9.369981224790044361e-02
-9.447372127033623612e-02
-9.523715891079867490e-02
-9.599009221482585064e-02
-9.673248871612213917e-02
-9.746431643666587930e-02
-9.818554388679633094e-02
-9.889614006528198165e-02
-9.959607445937218584e-02
-1.002853170448293751e-01
-1.009638382859461836e-01
-1.016316091355461554e-01
-1.022886010349687846e-01
-1.029347859140396781e-01
-1.035701361910285057e-01
-1.041946247725913516e-01
-1.048082250537010485e-01
-1.054109109175669912e-01
-1.060026567355421973e-01
-1.065834373670192653e-01
-1.071532281593175900e-01
-1.077120049475607799e-01
-1.082597440545440687e-01
-1.087964222905953987e-01
-1.093220169534274838e-01
-1.098365058279836687e-01
-1.103398671862767522e-01
-1.108320797872233421e-01
-1.113131228764708269e-01
-1.117829761862211696e-01
-1.122416199350511484e-01
-1.126890348277271026e-01
-1.131252020550187892e-01
-1.135501032935087723e-01
-1.139637207054017415e-01
-1.143660369383307368e-01
-1.147570351251634979e-01
-1.151366988838081057e-01
-1.155050123170182630e-01
-1.158619600121994497e-01
-1.162075270412160632e-01
-1.165416989601992248e-01
-1.168644618093575838e-01
-1.171758021127895510e-01
-1.174757068782980307e-01
-1.177641635972088152e-01
-1.180411602441918117e-01
-1.183066852770868205e-01
-1.185607276367319912e-01
-1.188032767467993023e-01
-1.190343225136309135e-01
-1.192538553260861917e-01
-1.194618660553874862e-01
-1.196583460549786038e-01
-1.198432871603831024e-01
-1.200166816890735622e-01
-1.201785224403437297e-01
-1.203288026951911394e-01
-1.204675162162024277e-01
-1.205946572474501516e-01
-1.207102205143937013e-01
-1.208142012237895246e-01
-1.209065950636078052e-01
-1.209873982029589512e-01
-1.210566072920259972e-01
-1.211142194620059981e-01
-1.211602323250601798e-01
-1.211946439742713350e-01
-1.212174529836103354e-01
-1.212286584079109580e-01
-1.212282597828532732e-01
-1.212162571249549292e-01
-1.211926509315715272e-01
-1.211574421809060442e-01
-1.211106323320255140e-01
-1.210522233248873675e-01
-1.209822175803731970e-01
-1.209006180003315972e-01
-1.208074279676292495e-01
-1.207026513462101103e-01
-1.205862924811625103e-01
-1.204583561987945112e-01
-1.203188478067167555e-01
-1.201677730939336164e-01
-1.200051383309421738e-01
-1.198309502698366169e-01
-1.196452161444214179e-01
-1.194479436703324848e-01
-1.192391410451625056e-01
-1.190188169485940084e-01
-1.187869805425396108e-01
-1.185436414712867509e-01
-1.182888098616486361e-01
-1.180224963231215202e-01
-1.177447119480456300e-01
-1.174554683117713660e-01
-1.171547774728308455e-01
-1.168426519731123048e-01
-1.165191048380399136e-01
-1.161841495767541171e-01
-1.158378001822983755e-01
-1.154800711318066803e-01
-1.151109773866927227e-01
-1.147305343928422677e-01
-1.143387580808062631e-01
-1.139356648659947957e-01
-1.135212716488714912e-01
-1.130955958151475260e-01
-1.126586552359770399e-01
-1.122104682681483584e-01
-1.117510537542758808e-01
-1.112804310229904559e-01
-1.107986198891258711e-01
-1.103056406539021372e-01
-1.098015141051068844e-01
-1.092862615172701946e-01
-1.087599046518381019e-01
-1.082224657573365029e-01
-1.076739675695331244e-01
-1.071144333115908731e-01
-1.065438866942152452e-01
-1.059623519157926186e-01
-1.053698536625222032e-01
-1.047664171085384011e-01
-1.041520679160222174e-01
-1.035268322353055381e-01
-1.028907367049621824e-01
-1.022438084518879214e-01
-1.015860750913702010e-01
-1.009175647271423198e-01
-1.002383059514273950e-01
-9.954832784496571441e-02
-9.884765997702889273e-02
-9.813633240541759506e-02
-9.741437567644500861e-02
-9.668182082490105189e-02
-9.593869937400120729e-02
-9.518504333531689621e-02
-9.442088520868630042e-02
-9.364625798210574059e-02
-9.286119513160218109e-02
-9.206573062108378003e-02
-9.125989890216797129e-02
-9.044373491398990939e-02
-8.961727408298533759e-02
-8.878055232265127938e-02
-8.793360603328123637e-02
-8.707647210167712704e-02
-8.620918790083310912e-02
-8.533179128959457460e-02
-8.444432061228969444e-02
-8.354681469833252772e-02
-8.263931286179776459e-02
-8.172185490096758875e-02
-8.079448109784520549e-02
-7.985723221764201574e-02
-7.891014950823041496e-02
-7.795327469956528366e-02
-7.698665000307373940e-02
-7.601031811101080504e-02
-7.502432219578059058e-02
-7.402870590922389082e-02
-7.302351338187018648e-02
-7.200878922215295241e-02
-7.098457851558909182e-02
-6.995092682392117789e-02
-6.890788018422097649e-02
-6.785548510795563759e-02
-6.679378858001447372e-02
-6.572283805769456311e-02
-6.464268146964874395e-02
-6.355336721479032391e-02
-6.245494416115737746e-02
-6.134746164473517394e-02
-6.023096946823511266e-02
-5.910551789983167770e-02
-5.797115767185508084e-02
-5.682793997943887121e-02
-5.567591647912442654e-02
-5.451513928741878734e-02
-5.334566097930831807e-02
-5.216753458672324095e-02
-5.098081359695945391e-02
-4.978555195104947956e-02
-4.858180404208818637e-02
-4.736962471350900789e-02
-4.614906925731301901e-02
-4.492019341224758044e-02
-4.368305336193697291e-02
-4.243770573296234971e-02
-4.118420759289324190e-02
-3.992261644826633482e-02
-3.865299024251479809e-02
-3.737538735384834249e-02
-3.608986659307736322e-02
-3.479648720138982937e-02
-3.349530884807442460e-02
-3.218639162819098010e-02
-3.086979606018948330e-02
-2.954558308347555312e-02
-2.821381405592415098e-02
-2.687455075133873134e-02
-2.552785535685845458e-02
-2.417379047031068678e-02
-2.281241909751127728e-02
-2.144380464951043536e-02
-2.006801093978398398e-02
-1.868510218137234627e-02
-1.729514298396434696e-02
-1.589819835092680378e-02
-1.449433367628185157e-02
-1.308361474162718710e-02
-1.166610771300481339e-02
-1.024187913771425901e-02
-8.810995941072340132e-03
-7.373525423118525157e-03
-5.929535255266304289e-03
-4.479093476900928433e-03
-3.022268491923777584e-03
-1.559129065241526835e-03
-8.974431920458214584e-05
1.385816270011587525e-03
2.867482876074446685e-03
4.355185326217578257e-03
5.848853105016850462e-03
7.348415358217334770e-03
8.853800896614034965e-03
1.036493819998383914e-02
1.188175542106891663e-02
1.340418038961278813e-02
1.493214061644505819e-02
1.646556329762008386e-02
1.800437531860170359e-02
1.954850325850228387e-02
2.109787339436839521e-02
2.265241170551603178e-02
2.421204387791515283e-02
2.577669530862209540e-02
2.734629111025901893e-02
2.892075611554140169e-02
3.050001488185249965e-02
3.208399169586136079e-02
3.367261057819065373e-02
3.526579528812502640e-02
3.686346932836735701e-02
3.846555594983669391e-02
4.007197815650992423e-02
4.168265871030678305e-02
4.329752013601484428e-02
4.491648472625819899e-02
4.653947454650389504e-02
4.816641144011071796e-02
4.979721703341484507e-02
5.143181274085523169e-02
5.307011977013610660e-02
5.471205912742591049e-02
5.635755162259310780e-02
5.800651787447616559e-02
5.965887831618807424e-02
6.131455320045531288e-02
6.297346260498876136e-02
6.463552643788549046e-02
6.630066444306396967e-02
6.796879620572743308e-02
6.963984115785600004e-02
7.131371858372913264e-02
7.299034762547348953e-02
7.466964728863784151e-02
7.635153644779350823e-02
7.803593385215938649e-02
7.972275813125018207e-02
8.141192780054642975e-02
8.310336126718809169e-02
8.479697683568641897e-02
8.649269271365635225e-02
8.819042701756722724e-02
8.989009777851157679e-02
9.159162294798867121e-02
9.329492040370501726e-02
9.499990795538834631e-02
9.670650335061456437e-02
9.841462428064778889e-02
1.001241883862905302e-01
1.018351132637434209e-01
1.035473164704757976e-01
1.052607155311020559e-01
1.069752279432646114e-01
1.086907711835243262e-01
1.104072627132531847e-01
1.121246199845319369e-01
1.138427604460478249e-01
1.155616015489964732e-01
1.172810607529805316e-01
1.190010555319087060e-01
1.207215033798926251e-01
1.224423218171394323e-01
1.241634283958400198e-01
1.258847407060512402e-01
1.276061763815721506e-01
1.293276531058110967e-01
1.310490886176436665e-01
1.327704007172616774e-01
1.344915072720083982e-01
1.362123262222032227e-01
1.379327755869515781e-01
1.396527734699397616e-01
1.413722380652152888e-01
1.430910876629471751e-01
1.448092406551709788e-01
1.465266155415133331e-01
1.482431309348948290e-01
1.499587055672131908e-01
1.516732582950025832e-01
1.533867081050689085e-01
1.550989741201017347e-01
1.568099756042581894e-01
1.585196319687208755e-01
1.602278627772285302e-01
1.619345877515752929e-01
1.636397267770815511e-01
1.653431999080321735e-01
1.670449273730841566e-01
1.687448295806391052e-01
1.704428271241823223e-01
1.721388407875852899e-01
1.738327915503743715e-01
1.755246005929591568e-01
1.772141893018237824e-01
1.789014792746793370e-01
1.805863923255756620e-01
1.822688504899706852e-01
1.839487760297603136e-01
1.856260914382621696e-01
1.873007194451577484e-01
1.889725830213886681e-01
1.906416053840067348e-01
1.923077100009790985e-01
1.939708205959443099e-01
1.956308611529203045e-01
1.972877559209646192e-01
1.989414294187830112e-01
2.005918064392889222e-01
2.022388120541105117e-01
2.038823716180451495e-01
2.055224107734633654e-01
2.071588554546554550e-01
2.087916318921270720e-01
2.104206666168382811e-01
2.120458864643865460e-01
2.136672185791347323e-01
2.152845904182803805e-01
2.168979297558694674e-01
2.185071646867502437e-01
2.201122236304691171e-01
2.217130353351067784e-01
2.233095288810557077e-01
2.249016336847355357e-01
2.264892795022491190e-01
2.280723964329749442e-01
2.296509149231019675e-01
2.312247657690980618e-01
2.327938801211175135e-01
2.343581894863452919e-01
2.359176257322781467e-01
2.374721210899415347e-01
2.390216081570430418e-01
2.405660199010600797e-01
2.421052896622645223e-01
2.436393511566805614e-01
2.451681384789790030e-01
2.466915861053048387e-01
2.482096288960393693e-01
2.497222020984967705e-01
2.512292413495546550e-01
2.527306826782172444e-01
2.542264625081137597e-01
2.557165176599298650e-01
2.572007853537708888e-01
2.586792032114617057e-01
2.601517092587766200e-01
2.616182419276049109e-01
2.630787400580484325e-01
2.645331429004531554e-01
2.659813901173736506e-01
2.674234217854715712e-01
2.688591783973463545e-01
2.702886008633019199e-01
2.717116305130445886e-01
2.731282090973162213e-01
2.745382787894616317e-01
2.759417821869291076e-01
2.773386623127062633e-01
2.787288626166905536e-01
2.801123269769946744e-01
2.814889997011862377e-01
2.828588255274642194e-01
2.842217496257704035e-01
2.855777175988377659e-01
2.869266754831734101e-01
2.882685697499809407e-01
2.896033473060179442e-01
2.909309554943919629e-01
2.922513420952945751e-01
2.935644553266732459e-01
2.948702438448433383e-01
2.961686567450377838e-01
2.974596435618988566e-01
2.987431542699077736e-01
3.000191392837577298e-01
3.012875494586663705e-01
3.025483360906321972e-01
3.038014509166315213e-01
3.050468461147606836e-01
3.062844743043208751e-01
3.075142885458473363e-01
3.087362423410843215e-01
3.099502896329062729e-01
3.111563848051833725e-01
3.123544826825972454e-01
3.135445385304010957e-01
3.147265080541324922e-01
3.159003473992705313e-01
3.170660131508478141e-01
3.182234623330107426e-01
3.193726524085306329e-01
3.205135412782698645e-01
3.216460872805987914e-01
3.227702491907679105e-01
3.238859862202343454e-01
3.249932580159439754e-01
3.260920246595710448e-01
3.271822466667132501e-01
3.282638849860465835e-01
3.293369009984389306e-01
3.304012565160230341e-01
3.314569137812312660e-01
3.325038354657914863e-01
3.335419846696862645e-01
3.345713249200744643e-01
3.355918201701789116e-01
3.366034347981390895e-01
3.376061336058295281e-01
3.385998818176462200e-01
3.395846450792616156e-01
3.405603894563485889e-01
3.415270814332746485e-01
3.424846879117675602e-01
3.434331762095532703e-01
3.443725140589670164e-01
3.453026696055385147e-01
3.462236114065526116e-01
3.471353084295866753e-01
3.480377300510236749e-01
3.489308460545448853e-01
3.498146266296015550e-01
3.506890423698667547e-01
3.515540642716684094e-01
3.524096637324040660e-01
3.532558125489405065e-01
3.540924829159959319e-01
3.549196474245090993e-01
3.557372790599930834e-01
3.565453512008772696e-01
3.573438376168386887e-01
3.581327124671211393e-01
3.589119502988451504e-01
3.596815260453094520e-01
3.604414150242861159e-01
3.611915929363061495e-01
3.619320358629429246e-01
3.626627202650877235e-01
3.633836229812252849e-01
3.640947212257029109e-01
3.647959925870014053e-01
3.654874150260025711e-01
3.661689668742587056e-01
3.668406268322632058e-01
3.675023739677232282e-01
3.681541877138351793e-01
3.687960478675642029e-01
3.694279345879308840e-01
3.700498283943011169e-01
3.706617101646842438e-01
3.712635611340399655e-01
3.718553628925924115e-01
3.724370973841551469e-01
3.730087469044660597e-01
3.735702940995340726e-01
3.741217219639986213e-01
3.746630138395010690e-01
3.751941534130717737e-01
3.757151247155316454e-01
3.762259121199078571e-01
3.767265003398692635e-01
3.772168744281759190e-01
3.776970197751500780e-01
3.781669221071624065e-01
3.786265674851416740e-01
3.790759423031030972e-01
3.795150332866978338e-01
3.799438274917848468e-01
3.803623123030259734e-01
3.807704754325044738e-01
3.811683049183663963e-01
3.815557891234884202e-01
3.819329167341706799e-01
3.822996767588554001e-01
3.826560585268733439e-01
3.830020516872151282e-01
3.833376462073354030e-01
3.836628323719804001e-01
3.839776007820483450e-01
3.842819423534782897e-01
3.845758483161693109e-01
3.848593102129306276e-01
3.851323198984641927e-01
3.853948695383774270e-01
3.856469516082303151e-01
3.858885588926121990e-01
3.861196844842573195e-01
3.863403217831881675e-01
3.865504644958971392e-01
3.867501066345598870e-01
3.869392425162875848e-01
3.871178667624097791e-01
3.872859742977957653e-01
3.874435603502126013e-01
3.875906204497167051e-01
3.877271504280853653e-01
3.878531464182811139e-01
3.879686048539580656e-01
3.880735224690017304e-01
3.881678962971084057e-01
3.882517236714016495e-01
3.883250022240877786e-01
3.883877298861477811e-01
3.884399048870690319e-01
3.884815257546157530e-01
3.885125913146362242e-01
3.885331006909104046e-01
3.885430533050359125e-01
3.885424488763509210e-01
3.885312874219010726e-01
3.885095692564369818e-01
3.884772949924593655e-01
3.884344655402969249e-01
3.883810821082258058e-01
3.883171462026253073e-01
3.882426596281772779e-01
3.881576244880979853e-01
3.880620431844114537e-01
3.879559184182627685e-01
3.878392531902656315e-01
3.877120508008911615e-01
3.875743148508925540e-01
3.874260492417689328e-01
3.872672581762642841e-01
3.870979461589069137e-01
3.869181179965821560e-01
3.867277787991447169e-01
3.865269339800652126e-01
3.863155892571126793e-01
3.860937506530750518e-01
3.858614244965130058e-01
3.856186174225477159e-01
3.853653363736865289e-01
3.851015886006800004e-01
3.848273816634122380e-01
3.845427234318278820e-01
3.842476220868886738e-01
3.839420861215626091e-01
3.836261243418480071e-01
3.832997458678244485e-01
3.829629601347382950e-01
3.826157768941168547e-01
3.822582062149122994e-01
3.818902584846755599e-01
3.815119444107573643e-01
3.811232750215386433e-01
3.807242616676880798e-01
3.803149160234459703e-01
3.798952500879345107e-01
3.794652761864935053e-01
3.790250069720405568e-01
3.785744554264557360e-01
3.781136348619898446e-01
3.776425589226947155e-01
3.771612415858754397e-01
3.766696971635649649e-01
3.761679403040176783e-01
3.756559859932233625e-01
3.751338495564403575e-01
3.746015466597463206e-01
3.740590933116063610e-01
3.735065058644584379e-01
3.729438010163125816e-01
3.723709958123676556e-01
3.717881076466393875e-01
3.711951542636032775e-01
3.705921537598502735e-01
3.699791245857507738e-01
3.693560855471331728e-01
3.687230558069684028e-01
3.680800548870666877e-01
3.674271026697785714e-01
3.667642193997052713e-01
3.660914256854144178e-01
3.654087425011600110e-01
3.647161911886072083e-01
3.640137934585600532e-01
3.633015713926913692e-01
3.625795474452735423e-01
3.618477444449102465e-01
3.611061855962665601e-01
3.603548944817975275e-01
3.595938950634748332e-01
3.588232116845087583e-01
3.580428690710655837e-01
3.572528923339798879e-01
3.564533069704597934e-01
3.556441388657842206e-01
3.548254142949917589e-01
3.539971599245595457e-01
3.531594028140724317e-01
3.523121704178786007e-01
3.514554905867340318e-01
3.505893915694320295e-01
3.497139020144191535e-01
3.488290509713945498e-01
3.479348678928919636e-01
3.470313826358455978e-01
3.461186254631351544e-01
3.451966270451126695e-01
3.442654184611074197e-01
3.433250312009096805e-01
3.423754971662302249e-01
3.414168486721385065e-01
3.404491184484731425e-01
3.394723396412282490e-01
3.384865458139128536e-01
3.374917709488812201e-01
3.364880494486358065e-01
3.354754161370994137e-01
3.344539062608572477e-01
3.334235554903663967e-01
3.323843999211340550e-01
3.313364760748594984e-01
3.302798209005446406e-01
3.292144717755665084e-01
3.281404665067152449e-01
3.270578433311921440e-01
3.259666409175723811e-01
3.248668983667256649e-01
3.237586552126996420e-01
3.226419514235597252e-01
3.215168274021882322e-01
3.203833239870411687e-01
3.192414824528604922e-01
3.180913445113424110e-01
3.169329523117603298e-01
3.157663484415423327e-01
3.145915759267995937e-01
3.134086782328103782e-01
3.122176992644523641e-01
3.110186833665875006e-01
3.098116753243973509e-01
3.085967203636649225e-01
3.073738641510087022e-01
3.061431527940609021e-01
3.049046328415958018e-01
3.036583512836015797e-01
3.024043555513011294e-01
3.011426935171146457e-01
2.998734134945686414e-01
2.985965642381485652e-01
2.973121949430932998e-01
2.960203552451345366e-01
2.947210952201747558e-01
2.934144653839106387e-01
2.921005166913939743e-01
2.907793005365345018e-01
2.894508687515431888e-01
2.881152736063123387e-01
2.867725678077380769e-01
2.854228044989781110e-01
2.840660372586493176e-01
2.827023200999622121e-01
2.813317074697929132e-01
2.799542542476911033e-01
2.785700157448258163e-01
2.771790477028652222e-01
2.757814062927949617e-01
2.743771481136684787e-01
2.729663301912963469e-01
2.715490099768666510e-01
2.701252453455031954e-01
2.686950945947559899e-01
2.672586164430269529e-01
2.658158700279301123e-01
2.643669149045839162e-01
2.629118110438389833e-01
2.614506188304390188e-01
2.599833990611146173e-01
2.585102129426111728e-01
2.570311220896500104e-01
2.555461885228228480e-01
2.540554746664185903e-01
2.525590433461857298e-01
2.510569577870258584e-01
2.495492816106213430e-01
2.480360788329967758e-01
2.465174138620135347e-01
2.449933514947986724e-01
2.434639569151061944e-01
2.419292956906138325e-01
2.403894337701529826e-01
2.388444374808735282e-01
2.372943735253423836e-01
2.357393089785777551e-01
2.341793112850169556e-01
2.326144482554230453e-01
2.310447880637214180e-01
2.294703992437763795e-01
2.278913506861046656e-01
2.263077116345212358e-01
2.247195516827267814e-01
2.231269407708298957e-01
2.215299491818070732e-01
2.199286475379027550e-01
2.183231067969661487e-01
2.167133982487282062e-01
2.150995935110183443e-01
2.134817645259210472e-01
2.118599835558734878e-01
2.102343231797037248e-01
2.086048562886125002e-01
2.069716560820953344e-01
2.053347960638096381e-01
2.036943500373846472e-01
2.020503921021748195e-01
2.004029966489609405e-01
1.987522383555940519e-01
1.970981921825878669e-01
1.954409333686570049e-01
1.937805374262042413e-01
1.921170801367556857e-01
1.904506375463452528e-01
1.887812859608507532e-01
1.871091019412783052e-01
1.854341622990018923e-01
1.837565440909525727e-01
1.820763246147629744e-01
1.803935814038662433e-01
1.787083922225491117e-01
1.770208350609617787e-01
1.753309881300842699e-01
1.736389298566529682e-01
1.719447388780417640e-01
1.702484940371079836e-01
1.685502743769951572e-01
1.668501591358992620e-01
1.651482277417984645e-01
1.634445598071442574e-01
1.617392351235197034e-01
1.600323336562618770e-01
1.583239355390516911e-01
1.566141210684712237e-01
1.549029706985302068e-01
1.531905650351621517e-01
1.514769848306910804e-01
1.497623109782708350e-01
1.480466245062973807e-01
1.463300065727944632e-01
1.446125384597751196e-01
1.428943015675805395e-01
1.411753774091933644e-01
1.394558476045333062e-01
1.377357938747290900e-01
1.360152980363729947e-01
1.342944419957567415e-01
1.325733077430908957e-01
1.308519773467067271e-01
1.291305329472459407e-01
1.274090567518343653e-01
1.256876310282437070e-01
1.239663380990440600e-01
1.222452603357425671e-01
1.205244801529160581e-01
1.188040800023346943e-01
1.170841423670778148e-01
1.153647497556461454e-01
1.136459846960680142e-01
1.119279297300024012e-01
1.102106674068405734e-01
1.084942802778050275e-01
1.067788508900508193e-01
1.050644617807651449e-01
1.033511954712723058e-01
1.016391344611396186e-01
9.992836122228856977e-02
9.821895819311332598e-02
9.651100777260285257e-02
9.480459231447338486e-02
9.309979412130889309e-02
9.139669543871323243e-02
8.969537844946942617e-02
8.799592526771563006e-02
8.629841793313253184e-02
8.460293840514444830e-02
8.290956855713724205e-02
8.121839017069167055e-02
7.952948492983519246e-02
7.784293441531167645e-02
7.615882009887052495e-02
7.447722333757753055e-02
7.279822536814614664e-02
7.112190730129178129e-02
6.944835011611008579e-02
6.777763465447886326e-02
6.610984161548692783e-02
6.444505154988847129e-02
6.278334485458410275e-02
6.112480176713264157e-02
5.946950236028948622e-02
5.781752653657667995e-02
5.616895402288429873e-02
5.452386436510228696e-02
5.288233692278607179e-02
5.124445086385658044e-02
4.961028515933256500e-02
4.797991857810034178e-02
4.635342968171794753e-02
4.473089681925816741e-02
4.311239812218617407e-02
4.149801149927925814e-02
3.988781463158233564e-02
3.828188496740531077e-02
3.668029971736032346e-02
3.508313584944089403e-02
3.349047008414136883e-02
3.190237888962164925e-02
3.031893847691150001e-02
2.874022479516295803e-02
2.716631352694318796e-02
2.559728008357545909e-02
2.403319960052426041e-02
2.247414693282585169e-02
2.092019665056765038e-02
1.937142303441391489e-02
1.782790007117740494e-02
1.628970144944185544e-02
1.475690055523243283e-02
1.322957046773381301e-02
1.170778395505955166e-02
1.019161347007072060e-02
8.681131146244615293e-03
7.176408793595184799e-03
5.677517894642235274e-03
4.184529600435624164e-03
2.697514726627277259e-03
1.216543749598161805e-03
-2.583131973644750556e-04
-1.726986327835293433e-03
-3.189406205969410463e-03
-4.645503750163520323e-03
-6.095210236669038745e-03
-7.538457303147425709e-03
-8.975176952173910538e-03
-1.040530155468869997e-02
-1.182876385339189443e-02
-1.324549696608590468e-02
-1.465543438896499406e-02
-1.605850999984774832e-02
-1.745465806135857237e-02
-1.884381322405339482e-02
-2.022591052949151980e-02
-2.160088541325368844e-02
-2.296867370790543761e-02
-2.432921164590725466e-02
-2.568243586246985594e-02
-2.702828339835604970e-02
-2.836669170262921813e-02
-2.969759863534680508e-02
-3.102094247020119322e-02
-3.233666189710782818e-02
-3.364469602473752624e-02
-3.494498438299949161e-02
-3.623746692546736536e-02
-3.752208403175617824e-02
-3.879877650984457638e-02
-4.006748559834551887e-02
-4.132815296872592581e-02
-4.258072072747288994e-02
-4.382513141821049035e-02
-4.506132802376425217e-02
-4.628925396817527849e-02
-4.750885311866427652e-02
-4.872006978754570006e-02
-4.992284873409118251e-02
-5.111713516634555643e-02
-5.230287474289060934e-02
-5.348001357456638738e-02
-5.464849822613786212e-02
-5.580827571791839581e-02
-5.695929352734419027e-02
-5.810149959050248114e-02
-5.923484230361409503e-02
-6.035927052446955765e-02
-6.147473357381991188e-02
-6.258118123672420929e-02
-6.367856376385080952e-02
-6.476683187273657438e-02
-6.584593674900221516e-02
-6.691583004752602037e-02
-6.797646389357359098e-02
-6.902779088388913409e-02
-7.006976408774279186e-02
-7.110233704794047260e-02
-7.212546378179160445e-02
-7.313909878204039039e-02
-7.414319701775662352e-02
-7.513771393518861585e-02
-7.612260545858109961e-02
-7.709782799095502015e-02
-7.806333841485070535e-02
-7.901909409303767284e-02
-7.996505286918852151e-02
-8.090117306851961343e-02
-8.182741349839810219e-02
-8.274373344891593207e-02
-8.365009269343331999e-02
-8.454645148908987440e-02
-8.543277057728457247e-02
-8.630901118412845352e-02
-8.717513502086463029e-02
-8.803110428426287604e-02
-8.887688165698418019e-02
-8.971243030792021289e-02
-9.053771389250447887e-02
-9.135269655299864400e-02
-9.215734291875485318e-02
-9.295161810645141687e-02
-9.373548772030719511e-02
-9.450891785227169550e-02
-9.527187508219361889e-02
-9.602432647796796394e-02
-9.676623959566116318e-02
-9.749758247961776148e-02
-9.821832366254718005e-02
-9.892843216559069064e-02
-9.962787749837237472e-02
-1.003166296590301959e-01
-1.009946591342330835e-01
-1.016619368991803496e-01
-1.023184344175858962e-01
-1.029641236416492106e-01
-1.035989770120100545e-01
-1.042229674576924808e-01
-1.048360683960339740e-01
-1.054382537326040148e-01
-1.060294978611118905e-01
-1.066097756633007654e-01
-1.071790625088355903e-01
-1.077373342551794233e-01
-1.082845672474613413e-01
-1.088207383183356219e-01
-1.093458247878354161e-01
-1.098598044632164011e-01
-1.103626556387967972e-01
-1.108543570957902236e-01
-1.113348881021335307e-01
-1.118042284123103997e-01
-1.122623582671698900e-01
-1.127092583937430309e-01
-1.131449100050552770e-01
-1.135692947999359659e-01
-1.139823949628281513e-01
-1.143841931635942166e-01
-1.147746725573221133e-01
-1.151538167841315713e-01
-1.155216099689788528e-01
-1.158780367214629625e-01
-1.162230821356334820e-01
-1.165567317897976407e-01
-1.168789717463314670e-01
-1.171897885514928267e-01
-1.174891692352345446e-01
-1.177771013110252285e-01
-1.180535727756691355e-01
-1.183185721091319503e-01
-1.185720882743710458e-01
-1.188141107171687555e-01
-1.190446293659719185e-01
-1.192636346317362955e-01
-1.194711174077746629e-01
-1.196670690696139822e-01
-1.198514814748554425e-01
-1.200243469630431631e-01
-1.201856583555366842e-01
-1.203354089553939077e-01
-1.204735925472571328e-01
-1.206002033972500831e-01
-1.207152362528783329e-01
-1.208186863429412533e-01
-1.209105493774479401e-01
-1.209908215475449245e-01
-1.210594995254477557e-01
-1.211165804643844074e-01
-1.211620619985441655e-01
-1.211959422430364669e-01
-1.212182197938576900e-01
-1.212288937278660217e-01
-1.212279636027649155e-01
-1.212154294570959440e-01
-1.211912918102384940e-01
-1.211555516624200496e-01
-1.211082104947331928e-01
-1.210492702691615824e-01
-1.209787334286158839e-01
-1.208966028969755274e-01
-1.208028820791401808e-01
-1.206975748610903398e-01
-1.205806856099531782e-01
-1.204522191740804715e-01
-1.203121808831294631e-01
-1.201605765481565946e-01
-1.199974124617144977e-01
-1.198226953979584369e-01
-1.196364326127598299e-01
-1.194386318438264427e-01
-1.192293013108289140e-01
-1.190084497155343007e-01
-1.187760862419458135e-01
-1.185322205564488807e-01
-1.182768628079612500e-01
-1.180100236280914316e-01
-1.177317141312983484e-01
-1.174419459150604639e-01
-1.171407310600448698e-01
-1.168280821302831174e-01
-1.165040121733504075e-01
-1.161685347205480695e-01
-1.158216637870874421e-01
-1.154634138722796660e-01
-1.150937999597247824e-01
-1.147128375175029275e-01
-1.143205424983688157e-01
-1.139169313399450850e-01
-1.135020209649165585e-01
-1.130758287812253099e-01
-1.126383726822637044e-01
-1.121896710470686592e-01
-1.117297427405112564e-01
-1.112586071134878951e-01
-1.107762840031058654e-01
-1.102827937328672847e-01
-1.097781571128499944e-01
-1.092623954398832115e-01
-1.087355304977179887e-01
-1.081975845571943873e-01
-1.076485803764008209e-01
-1.070885412008274196e-01
-1.065174907635138696e-01
-1.059354532851870395e-01
-1.053424534743926666e-01
-1.047385165276155800e-01
-1.041236681293942895e-01
-1.034979344524212530e-01
-1.028613421576347053e-01
-1.022139183942991914e-01
-1.015556908000726094e-01
-1.008866875010622915e-01
-1.002069371118657765e-01
-9.951646873559938378e-02
-9.881531196391042660e-02
-9.810349687697607346e-02
-9.738105404348300354e-02
-9.664801452059429421e-02
-9.590440985389507567e-02
-9.515027207732247583e-02
-9.438563371307620575e-02
-9.361052777150880022e-02
-9.282498775099701227e-02
-9.202904763779105879e-02
-9.122274190584278575e-02
-9.040610551661143468e-02
-8.957917391884720471e-02
-8.874198304834954310e-02
-8.789456932770203790e-02
-8.703696966598217788e-02
-8.616922145844566061e-02
-8.529136258618219557e-02
-8.440343141574710439e-02
-8.350546679876275080e-02
-8.259750807149242313e-02
-8.167959505438379675e-02
-8.075176805158496007e-02
-7.981406785042594043e-02
-7.886653572087307107e-02
-7.790921341494733143e-02
-7.694214316611344695e-02
-7.596536768863378086e-02
-7.497893017688744832e-02
-7.398287430465774750e-02
-7.297724422438012226e-02
-7.196208456635816431e-02
-7.093744043794060483e-02
-6.990335742266082231e-02
-6.885988157934011533e-02
-6.780705944115125727e-02
-6.674493801464345677e-02
-6.567356477872654530e-02
-6.459298768361641796e-02
-6.350325514973932661e-02
-6.240441606659216656e-02
-6.129651979156457153e-02
-6.017961614871568388e-02
-5.905375542750848639e-02
-5.791898838150028039e-02
-5.677536622698933777e-02
-5.562294064161655421e-02
-5.446176376292176380e-02
-5.329188818685390294e-02
-5.211336696623548870e-02
-5.092625360918046767e-02
-4.973060207746435313e-02
-4.852646678484618531e-02
-4.731390259534455633e-02
-4.609296482146280766e-02
-4.486370922236600223e-02
-4.362619200200908154e-02
-4.238046980721581897e-02
-4.112659972570556488e-02
-3.986463928407185664e-02
-3.859464644570879260e-02
-3.731667960868745304e-02
-3.603079760358066097e-02
-3.473705969123420251e-02
-3.343552556048941943e-02
-3.212625532585127591e-02
-3.080930952510412685e-02
-2.948474911687544442e-02
-2.815263547814693748e-02
-2.681303040171059693e-02
-2.546599609357440286e-02
-2.411159517031278426e-02
-2.274989065636248697e-02
-2.138094598126774257e-02
-2.000482497686859040e-02
-1.862159187443677283e-02
-1.723131130175831194e-02
-1.583404828015974597e-02
-1.442986822148251483e-02
-1.301883692500177200e-02
-1.160102057429264477e-02
-1.017648573403957118e-02
-8.745299346795330081e-03
-7.307528729682759294e-03
-5.863241571044269101e-03
-4.412505927037038006e-03
-2.955390218174185762e-03
-1.491963225813186522e-03
-2.229408858910736368e-05
