6.852656266277195041e-01
6.864767970939634756e-01
6.876841082345050982e-01
6.888875045135439690e-01
6.900869308337582719e-01
6.912823325398959051e-01
6.924736554222724605e-01
6.936608457201829392e-01
6.948438501252151012e-01
6.960226157844727757e-01
6.971970903037052469e-01
6.983672217503410495e-01
6.995329586564293933e-01
7.006942500214822234e-01
7.018510453152252415e-01
7.030032944802476758e-01
7.041509479345587907e-01
7.052939565740458105e-01
7.064322717748334757e-01
7.075658453955465665e-01
7.086946297794736171e-01
7.098185777566312638e-01
7.109376426457302278e-01
7.120517782560416009e-01
7.131609388891640977e-01
7.142650793406892795e-01
7.153641549017702994e-01
7.164581213605865084e-01
7.175469350037101401e-01
7.186305526173720759e-01
7.197089314886259137e-01
7.207820294064118949e-01
7.218498046625212439e-01
7.229122160524571461e-01
7.239692228761965831e-01
7.250207849388522474e-01
7.260668625512310959e-01
7.271074165302943149e-01
7.281424081995169217e-01
7.291717993891452254e-01
7.301955524363552552e-01
7.312136301853110476e-01
7.322259959871234569e-01
7.332326136997080468e-01
7.342334476875450600e-01
7.352284628213399120e-01
7.362176244775842093e-01
7.372008985380195112e-01
7.381782513890029485e-01
7.391496499207740323e-01
7.401150615266263166e-01
7.410744541019801401e-01
7.420277960433608877e-01
7.429750562472803299e-01
7.439162041090235933e-01
7.448512095213409845e-01
7.457800428730454456e-01
7.467026750475174168e-01
7.476190774211152190e-01
7.485292218614957305e-01
7.494330807258411387e-01
7.503306268589952088e-01
7.512218335915109568e-01
7.521066747376079498e-01
7.529851245930390125e-01
7.538571579328733341e-01
7.547227500091892027e-01
7.555818765486811417e-01
7.564345137501825578e-01
7.572806382821035687e-01
7.581202272797851194e-01
7.589532583427697210e-01
7.597797095319934746e-01
7.605995593668919419e-01
7.614127868224330742e-01
7.622193713260649872e-01
7.630192927545904613e-01
7.638125314309628378e-01
7.645990681210066420e-01
7.653788840300640439e-01
7.661519607995671555e-01
7.669182805035389405e-01
7.676778256450218496e-01
7.684305791524380647e-01
7.691765243758794668e-01
7.699156450833304355e-01
7.706479254568242565e-01
7.713733500885345817e-01
7.720919039768029402e-01
7.728035725221020780e-01
7.735083415229407899e-01
7.742061971717056901e-01
7.748971260504454728e-01
7.755811151265977754e-01
7.762581517486598637e-01
7.769282236418030285e-01
7.775913189034352468e-01
7.782474259987109955e-01
7.788965337559909941e-01
7.795386313622499896e-01
7.801737083584397991e-01
7.808017546348043902e-01
7.814227604261491100e-01
7.820367163070679473e-01
7.826436131871258306e-01
7.832434423060034012e-01
7.838361952285995971e-01
7.844218638400982657e-01
7.850004403409970299e-01
7.855719172421018470e-01
7.861362873594880396e-01
7.866935438094293520e-01
7.872436800032965865e-01
7.877866896424271514e-01
7.883225667129676317e-01
7.888513054806891578e-01
7.893729004857802378e-01
7.898873465376160530e-01
7.903946387095048820e-01
7.908947723334174285e-01
7.913877429946961639e-01
7.918735465267471296e-01
7.923521790057196368e-01
7.928236367451699795e-01
7.932879162907120474e-01
7.937450144146617204e-01
7.941949281106660541e-01
7.946376545883319098e-01
7.950731912678433710e-01
7.955015357745769400e-01
7.959226859337139581e-01
7.963366397648513617e-01
7.967433954766139914e-01
7.971429514612657918e-01
7.975353062893277833e-01
7.979204587041993646e-01
7.982984076167847221e-01
7.986691521001306748e-01
7.990326913840698486e-01
7.993890248498789486e-01
7.997381520249452480e-01
8.000800725774522837e-01
8.004147863110752104e-01
8.007422931596979154e-01
8.010625931821458989e-01
8.013756865569415799e-01
8.016815735770773665e-01
8.019802546448155933e-01
8.022717302665107741e-01
8.025560010474567241e-01
8.028330676867644344e-01
8.031029309722639287e-01
8.033655917754413123e-01
8.036210510464026902e-01
8.038693098088741662e-01
8.041103691552354826e-01
8.043442302415878542e-01
8.045708942828607713e-01
8.047903625479572165e-01
8.050026363549364072e-01
8.052077170662402805e-01
8.054056060839618336e-01
8.055963048451554309e-01
8.057798148171941843e-01
8.059561374931736299e-01
8.061252743873611459e-01
8.062872270306963296e-01
8.064419969663402243e-01
8.065895857452762829e-01
8.067299949219638444e-01
8.068632260500457898e-01
8.069892806781097105e-01
8.071081603455066977e-01
8.072198665782276406e-01
8.073244008848355913e-01
8.074217647524598584e-01
8.075119596428502744e-01
8.075949869884920806e-01
8.076708481887847624e-01
8.077395446062843876e-01
8.078010775630106721e-01
8.078554483368192152e-01
8.079026581578422350e-01
8.079427082049955855e-01
8.079755996025553832e-01
8.080013334168038019e-01
8.080199106527469199e-01
8.080313322509017349e-01
8.080355990841584513e-01
8.080327119547136006e-01
8.080226715910788782e-01
8.080054786451651427e-01
8.079811336894411333e-01
8.079496372141684590e-01
8.079109896247171907e-01
8.078651912389545053e-01
8.078122422847172635e-01
8.077521428973603035e-01
8.076848931173874480e-01
8.076104928881618905e-01
8.075289420536995166e-01
8.074402403565423825e-01
8.073443874357176808e-01
8.072413828247784195e-01
8.071312259499273667e-01
8.070139161282280371e-01
8.068894525658967254e-01
8.067578343566851329e-01
8.066190604803434860e-01
8.064731298011755811e-01
8.063200410666750972e-01
8.061597929062537249e-01
8.059923838300546706e-01
8.058178122278542022e-01
8.056360763680522341e-01
8.054471743967511754e-01
8.052511043369242616e-01
8.050478640876720382e-01
8.048374514235683286e-01
8.046198639940983499e-01
8.043950993231830937e-01
8.041631548087960768e-01
8.039240277226696874e-01
8.036777152100921251e-01
8.034242142897948247e-01
8.031635218539294740e-01
8.028956346681365153e-01
8.026205493717060158e-01
8.023382624778242489e-01
8.020487703739167529e-01
8.017520693220787642e-01
8.014481554595954682e-01
8.011370247995562854e-01
8.008186732315557554e-01
8.004930965224881234e-01
8.001602903174281911e-01
7.998202501406065368e-01
7.994729713964704443e-01
7.991184493708386460e-01
7.987566792321399989e-01
7.983876560327475280e-01
7.980113747103952937e-01
7.976278300896890716e-01
7.972370168837005222e-01
7.968389296956527312e-01
7.964335630206907934e-01
7.960209112477416582e-01
7.956009686614583520e-01
7.951737294442513537e-01
7.947391876784067888e-01
7.942973373482874466e-01
7.938481723426216163e-01
7.933916864568725247e-01
7.929278733956944825e-01
7.924567267754702993e-01
7.919782401269322980e-01
7.914924068978642646e-01
7.909992204558845552e-01
7.904986740913110266e-01
7.899907610201042374e-01
7.894754743868906965e-01
7.889528072680637161e-01
7.884227526749642001e-01
7.878853035571345975e-01
7.873404528056519025e-01
7.867881932565357062e-01
7.862285176942285236e-01
7.856614188551530598e-01
7.850868894313386415e-01
7.845049220741221463e-01
7.839155093979198741e-01
7.833186439840655879e-01
7.827143183847243835e-01
7.821025251268676204e-01
7.814832567163192412e-01
7.808565056418675931e-01
7.802222643794402002e-01
7.795805253963451475e-01
7.789312811555740845e-01
7.782745241201666220e-01
7.776102467576365695e-01
7.769384415444572367e-01
7.762591009706049094e-01
7.755722175441602806e-01
7.748777837959658354e-01
7.741757922843376383e-01
7.734662355998317418e-01
7.727491063700629992e-01
7.720243972645739472e-01
7.712921009997554256e-01
7.705522103438146031e-01
7.698047181217922974e-01
7.690496172206239267e-01
7.682869005942478680e-01
7.675165612687541161e-01
7.667385923475807941e-01
7.659529870167439691e-01
7.651597385501135440e-01
7.643588403147237864e-01
7.635502857761209405e-01
7.627340685037472534e-01
7.619101821763575311e-01
7.610786205874686683e-01
7.602393776508410417e-01
7.593924474059878804e-01
7.585378240237131697e-01
7.576755018116768658e-01
7.568054752199848689e-01
7.559277388468016445e-01
7.550422874439861598e-01
7.541491159227479146e-01
7.532482193593220687e-01
7.523395930006612220e-01
7.514232322701449585e-01
7.504991327733022688e-01
7.495672903035467405e-01
7.486277008479249595e-01
7.476803605928712404e-01
7.467252659299741246e-01
7.457624134617476530e-01
7.447918000074061906e-01
7.438134226086454692e-01
7.428272785354239627e-01
7.418333652917437071e-01
7.408316806214306771e-01
7.398222225139120534e-01
7.388049892099884941e-01
7.377799792075997454e-01
7.367471912675828127e-01
7.357066244194213622e-01
7.346582779669813545e-01
7.336021514942376864e-01
7.325382448709821803e-01
7.314665582585194725e-01
7.303870921153418072e-01
7.292998472027877321e-01
7.282048245906771466e-01
7.271020256629247003e-01
7.259914521231302098e-01
7.248731060001417648e-01
7.237469896535922986e-01
7.226131057794060730e-01
7.214714574152761850e-01
7.203220479461089898e-01
7.191648811094334404e-01
7.179999610007784527e-01
7.168272920790087488e-01
7.156468791716267264e-01
7.144587274800301424e-01
7.132628425847306053e-01
7.120592304505285464e-01
7.108478974316421173e-01
7.096288502767910122e-01
7.084020961342315514e-01
7.071676425567424706e-01
7.059254975065606397e-01
7.046756693602634902e-01
7.034181669135967097e-01
7.021529993862483110e-01
7.008801764265649714e-01
6.995997081162100839e-01
6.983116049747600806e-01
6.970158779642449121e-01
6.957125384936186929e-01
6.944015984231717287e-01
6.930830700688747070e-01
6.917569662066568315e-01
6.904233000766154538e-01
6.890820853871556517e-01
6.877333363190597515e-01
6.863770675294845747e-01
6.850132941558847444e-01
6.836420318198609403e-01
6.822632966309333247e-01
6.808771051902361426e-01
6.794834745941354948e-01
6.780824224377655085e-01
6.766739668184850176e-01
6.752581263392513078e-01
6.738349201119112619e-01
6.724043677604074620e-01
6.709664894239000255e-01
6.695213057598000672e-01
6.680688379467162319e-01
6.666091076873139620e-01
6.651421372110829511e-01
6.636679492770147792e-01
6.621865671761894001e-01
6.606980147342679244e-01
6.592023163138925890e-01
6.576994968169921352e-01
6.561895816869913745e-01
6.546725969109249421e-01
6.531485690214540174e-01
6.516175250987851220e-01
6.500794927724901084e-01
6.485345002232263401e-01
6.469825761843585044e-01
6.454237499434763992e-01
6.438580513438154629e-01
6.422855107855699464e-01
6.407061592271092731e-01
6.391200281860844878e-01
6.375271497404368937e-01
6.359275565292975552e-01
6.343212817537844384e-01
6.327083591776920812e-01
6.310888231280780136e-01
6.294627084957395979e-01
6.278300507355855098e-01
6.261908858669011924e-01
6.245452504735050647e-01
6.228931817037969276e-01
6.212347172706990106e-01
6.195698954514888834e-01
6.178987550875225665e-01
6.162213355838496165e-01
6.145376769087186331e-01
6.128478195929750738e-01
6.111518047293477141e-01
6.094496739716269706e-01
6.077414695337339801e-01
6.060272341886802083e-01
6.043070112674170380e-01
6.025808446575759980e-01
6.008487788021008580e-01
5.991108586977693662e-01
5.973671298936064078e-01
5.956176384891880282e-01
5.938624311328367655e-01
5.921015550197087363e-01
5.903350578897730294e-01
5.885629880256805224e-01
5.867853942505285580e-01
5.850023259255160424e-01
5.832138329474919614e-01
5.814199657463974269e-01
5.796207752826024739e-01
5.778163130441346107e-01
5.760066310438057835e-01
5.741917818162308729e-01
5.723718184147449373e-01
5.705467944082156517e-01
5.687167638777522738e-01
5.668817814133125799e-01
5.650419021102088823e-01
5.631971815655123503e-01
5.613476758743564110e-01
5.594934416261403420e-01
5.576345359006368296e-01
5.557710162639974971e-01
5.539029407646631764e-01
5.520303679291787002e-01
5.501533567579098838e-01
5.482719667206669145e-01
5.463862577522353714e-01
5.444962902478113209e-01
5.426021250583479283e-01
5.407038234858081438e-01
5.388014472783303477e-01
5.368950586253030677e-01
5.349847201523532103e-01
5.330704949162469175e-01
5.311524463997049361e-01
5.292306385061344987e-01
5.273051355542762719e-01
5.253760022727711476e-01
5.234433037946439882e-01
5.215071056517099901e-01
5.195674737689003342e-01
5.176244744585124513e-01
5.156781744143831281e-01
5.137286407059880045e-01
5.117759407724661314e-01
5.098201424165750284e-01
5.078613137985724668e-01
5.058995234300306398e-01
5.039348401675817213e-01
5.019673332065971438e-01
4.999970720748017072e-01
4.980241266258241817e-01
4.960485670326851837e-01
4.940704637812248778e-01
4.920898876634710595e-01
4.901069097709489508e-01
4.881216014879362630e-01
4.861340344846607486e-01
4.841442807104471280e-01
4.821524123868107248e-01
4.801585020005015858e-01
4.781626222964988626e-01
4.761648462709592300e-01
4.741652471641197852e-01
4.721638984531548733e-01
4.701608738449943869e-01
4.681562472690971033e-01
4.661500928701869384e-01
4.641424850009528424e-01
4.621334982147101145e-01
4.601232072580277999e-01
4.581116870633256122e-01
4.560990127414372153e-01
4.540852595741451947e-01
4.520705030066881069e-01
4.500548186402407169e-01
4.480382822243708096e-01
4.460209696494722431e-01
4.440029569391760744e-01
4.419843202427436446e-01
4.399651358274408453e-01
4.379454800708953432e-01
4.359254294534400942e-01
4.339050605504435887e-01
4.318844500246284412e-01
4.298636746183794322e-01
4.278428111460447214e-01
4.258219364862302903e-01
4.238011275740876660e-01
4.217804613936010361e-01
4.197600149698706429e-01
4.177398653613959012e-01
4.157200896523627898e-01
4.137007649449302438e-01
4.116819683515239858e-01
4.096637769871366297e-01
4.076462679616336682e-01
4.056295183720707853e-01
4.036136052950209940e-01
4.015986057789143748e-01
3.995845968363927470e-01
3.975716554366778288e-01
3.955598584979587162e-01
3.935492828797961251e-01
3.915400053755478393e-01
3.895321027048146978e-01
3.875256515059103957e-01
3.855207283283546560e-01
3.835174096253928244e-01
3.815157717465436082e-01
3.795158909301727945e-01
3.775178432961001640e-01
3.755217048382355483e-01
3.735275514172489153e-01
3.715354587532734287e-01
3.695455024186451443e-01
3.675577578306784554e-01
3.655723002444805636e-01
3.635892047458043064e-01
3.616085462439417864e-01
3.596303994646603552e-01
3.576548389431814523e-01
3.556819390172022421e-01
3.537117738199657691e-01
3.517444172733741881e-01
3.497799430811524557e-01
3.478184247220590941e-01
3.458599354431479700e-01
3.439045482530808107e-01
3.419523359154915676e-01
3.400033709424047368e-01
3.380577255877060261e-01
3.361154718406714759e-01
3.341766814195485935e-01
3.322414257651984393e-01
3.303097760347931677e-01
3.283818030955744094e-01
3.264575775186696616e-01
3.245371695729709072e-01
3.226206492190745179e-01
3.207080861032836072e-01
3.187995495516721678e-01
3.168951085642166543e-01
3.149948318089880739e-01
3.130987876164131323e-01
3.112070439735999394e-01
3.093196685187309392e-01
3.074367285355228407e-01
3.055582909477564946e-01
3.036844223138733256e-01
3.018151888216443202e-01
2.999506562829044043e-01
2.980908901283633727e-01
2.962359554024823760e-01
2.943859167584256253e-01
2.925408384530829298e-01
2.907007843421650084e-01
2.888658178753715777e-01
2.870360020916330468e-01
2.852113996144261532e-01
2.833920726471644835e-01
2.815780829686617137e-01
2.797694919286710102e-01
2.779663604434995383e-01
2.761687489916989091e-01
2.743767176098295124e-01
2.725903258883028979e-01
2.708096329672985969e-01
2.690346975327591039e-01
2.672655778124588544e-01
2.655023315721527499e-01
2.637450161117990133e-01
2.619936882618604801e-01
2.602484043796814972e-01
2.585092203459435356e-01
2.567761915611962986e-01
2.550493729424664902e-01
2.533288189199436879e-01
2.516145834337435438e-01
2.499067199307466458e-01
2.482052813615163167e-01
2.465103201772915753e-01
2.448218883270576463e-01
2.431400372546923538e-01
2.414648178961900649e-01
2.397962806769611821e-01
2.381344755092071885e-01
2.364794517893734072e-01
2.348312583956748689e-01
2.331899436857006735e-01
2.315555554940904592e-01
2.299281411302881439e-01
2.283077473763688858e-01
2.266944204849413724e-01
2.250882061771234399e-01
2.234891496405909117e-01
2.218972955277014325e-01
2.203126879536887461e-01
2.187353704949327460e-01
2.171653861872976932e-01
2.156027775245460965e-01
2.140475864568209818e-01
2.124998543892002156e-01
2.109596221803214655e-01
2.094269301410760786e-01
2.079018180333734311e-01
2.063843250689733066e-01
2.048744899083876914e-01
2.033723506598487663e-01
2.018779448783464270e-01
2.003913095647303910e-01
1.989124811648801949e-01
1.974414955689402784e-01
1.959783881106196557e-01
1.945231935665564516e-01
1.930759461557469969e-01
1.916366795390365418e-01
1.902054268186741393e-01
1.887822205379289797e-01
1.873670926807671777e-01
1.859600746715915909e-01
1.845611973750388990e-01
1.831704910958377730e-01
1.817879855787253029e-01
1.804137100084218237e-01
1.790476930096625563e-01
1.776899626472853988e-01
1.763405464263764211e-01
1.749994712924691498e-01
1.736667636317980878e-01
1.723424492716073564e-01
1.710265534805123777e-01
1.697191009689117402e-01
1.684201158894533812e-01
1.671296218375505627e-01
1.658476418519473916e-01
1.645741984153349380e-01
1.633093134550154257e-01
1.620530083436142743e-01
1.608053038998394357e-01
1.595662203892870834e-01
1.583357775252937083e-01
1.571139944698316804e-01
1.559008898344506899e-01
1.546964816812608778e-01
1.535007875239605135e-01
1.523138243289037796e-01
1.511356085162109120e-01
1.499661559609181682e-01
1.488054819941682372e-01
1.476536014044376732e-01
1.465105284388052154e-01
1.453762768042546893e-01
1.442508596690167955e-01
1.431342896639456463e-01
1.420265788839298049e-01
1.409277388893403482e-01
1.398377807075087964e-01
1.387567148342420398e-01
1.376845512353651046e-01
1.366212993483004456e-01
1.355669680836724122e-01
1.345215658269467984e-01
1.334851004400958718e-01
1.324575792632951277e-01
1.314390091166442176e-01
1.304293963019195202e-01
1.294287466043487766e-01
1.284370652944148705e-01
1.274543571296826161e-01
1.264806263566517486e-01
1.255158767126309804e-01
1.245601114276378707e-01
1.236133332263200102e-01
1.226755443298968296e-01
1.217467464581246106e-01
1.208269408312803161e-01
1.199161281721655148e-01
1.190143087081298456e-01
1.181214821731124132e-01
1.172376478097035546e-01
1.163628043712184312e-01
1.154969501237931295e-01
1.146400828484935297e-01
1.137921998434411608e-01
1.129532979259531555e-01
1.121233734346968602e-01
1.113024222318578782e-01
1.104904397053224074e-01
1.096874207708709581e-01
1.088933598743853648e-01
1.081082509940669567e-01
1.073320876426632486e-01
1.065648628697117295e-01
1.058065692637879252e-01
1.050571989547634533e-01
1.043167436160762351e-01
1.035851944670075353e-01
1.028625422749661900e-01
1.021487773577824387e-01
1.014438895860079737e-01
1.007478683852223722e-01
1.000607027383468850e-01
9.938238118796383080e-02
9.871289183864104255e-02
9.805222235926178143e-02
9.740035998535875872e-02
9.675729152145440271e-02
9.612300334340240227e-02
9.549748140073366365e-02
9.488071121900870653e-02
9.427267790216650734e-02
9.367336613488155828e-02
9.308276018492050996e-02
9.250084390550111779e-02
9.192760073765315898e-02
9.136301371257909976e-02
9.080706545401819041e-02
9.025973818060933906e-02
8.972101370825411037e-02
8.919087345248116749e-02
8.866929843081000628e-02
8.815626926511375971e-02
8.765176618398248798e-02
8.715576902508337387e-02
8.666825723752326349e-02
8.618920988420616935e-02
8.571860564419186979e-02
8.525642281505105280e-02
8.480263931522044607e-02
8.435723268635325622e-02
8.392018009566945547e-02
8.349145833830301511e-02
8.307104383964555860e-02
8.265891265768834928e-02
8.225504048536136370e-02
8.185940265286811846e-02
8.147197413001894262e-02
8.109272952855901828e-02
8.072164310449506108e-02
8.035868876041665776e-02
8.000384004781543879e-02
7.965707016939890805e-02
7.931835198140237131e-02
7.898765799589535508e-02
7.866496038308450067e-02
7.835023097361290545e-02
7.804344126085530076e-02
7.774456240320806732e-02
7.745356522637619756e-02
7.717042022565623327e-02
7.689509756821313879e-02
7.662756709535498145e-02
7.636779832480207475e-02
7.611576045295231907e-02
7.587142235714167127e-02
7.563475259790072847e-02
7.540571942120685711e-02
7.518429076073193662e-02
7.497043424008574541e-02
7.476411717505507259e-02
7.456530657583794464e-02
7.437396914927540958e-02
7.419007130107638237e-02
7.401357913804013089e-02
7.384445847027484855e-02
7.368267481341014835e-02
7.352819339080722549e-02
7.338097913576466236e-02
7.324099669371977872e-02
7.310821042444537454e-02
7.298258440424484905e-02
7.286408242814126912e-02
7.275266801206309308e-02
7.264830439502766024e-02
7.255095454131905985e-02
7.246058114266318295e-02
7.237714662040073410e-02
7.230061312765398429e-02
7.223094255149264953e-02
7.216809651509550894e-02
7.211203637990910853e-02
7.206272324780257921e-02
7.202011796322113635e-02
7.198418111533447239e-02
7.195487304018469144e-02
7.193215382282959480e-02
7.191598329948450941e-02
7.190632105966031362e-02
7.190312644830099131e-02
7.190635856791653679e-02
7.191597628071530468e-02
7.193193821073326499e-02
7.195420274596188437e-02
7.198272804047262108e-02
7.201747201654164210e-02
7.205839236677058501e-02
7.210544655620744481e-02
7.215859182446376918e-02
7.221778518783246448e-02
7.228298344140376974e-02
7.235414316117706746e-02
7.243122070617569186e-02
7.251417222055842049e-02
7.260295363572875915e-02
7.269752067244518445e-02
7.279782884293015122e-02
7.290383345297699047e-02
7.301548960405745969e-02
7.313275219542798855e-02
7.325557592623474501e-02
7.338391529762042231e-02
7.351772461482693199e-02
7.365695798930095572e-02
7.380156934079853959e-02
7.395151239948734301e-02
7.410674070805173264e-02
7.426720762379573904e-02
7.443286632074617992e-02
7.460366979175681035e-02
7.477957085061190390e-02
7.496052213412927878e-02
7.514647610426451740e-02
7.533738505021540799e-02
7.553320109052563680e-02
7.573387617519014570e-02
7.593936208775924068e-02
7.614961044744464336e-02
7.636457271122486234e-02
7.658420017595195251e-02
7.680844398045727495e-02
7.703725510765918605e-02
7.727058438667080975e-02
7.750838249490825393e-02
7.775059996019867414e-02
7.799718716289041898e-02
7.824809433796209301e-02
7.850327157713352100e-02
7.876266883097618465e-02
7.902623591102531098e-02
7.929392249189090580e-02
7.956567811337120211e-02
7.984145218256571974e-02
8.012119397598804760e-02
8.040485264168058255e-02
8.069237720132874103e-02
8.098371655237596167e-02
8.127881947013866626e-02
8.157763460992298321e-02
8.188011050913880651e-02
8.218619558941828163e-02
8.249583815873012815e-02
8.280898641349793143e-02
8.312558844071618602e-02
8.344559222006657506e-02
8.376894562603609540e-02
8.409559643003221285e-02
8.442549230250119552e-02
8.475858081504276942e-02
8.509480944252781343e-02
8.543412556521236267e-02
8.577647647085578919e-02
8.612180935683221017e-02
8.647007133224676734e-02
8.682120942004878383e-02
8.717517055914442148e-02
8.753190160650831109e-02
8.789134933929446114e-02
8.825346045694652808e-02
8.861818158330514450e-02
8.898545926871644085e-02
8.935523999213751400e-02
8.972747016323989744e-02
9.010209612451335059e-02
9.047906415336622044e-02
9.085832046422417929e-02
9.123981121062746391e-02
9.162348248732588019e-02
9.200928033237115722e-02
9.239715072920667849e-02
9.278703960875611667e-02
9.317889285150754430e-02
9.357265628959576809e-02
9.396827570888147130e-02
9.436569685102780269e-02
9.476486541557271881e-02
9.516572706199860621e-02
9.556822741179851755e-02
9.597231205053807779e-02
9.637792652991439279e-02
9.678501636981046152e-02
9.719352706034523059e-02
9.760340406392031820e-02
9.801459281726168649e-02
9.842703873345598486e-02
9.884068720398414554e-02
9.925548360074798460e-02
9.967137327809344471e-02
1.000883015748267879e-01
1.005062138162278740e-01
1.009250553160556951e-01
1.013447713785491089e-01
1.017653073004222697e-01
1.021866083728532604e-01
1.026086198834668117e-01
1.030312871183106938e-01
1.034545553638261395e-01
1.038783699088109969e-01
1.043026760463762193e-01
1.047274190758961665e-01
1.051525443049504127e-01
1.055779970512599197e-01
1.060037226446146896e-01
1.064296664287941174e-01
1.068557737634807381e-01
1.072819900261637038e-01
1.077082606140369325e-01
1.081345309458880410e-01
1.085607464639781194e-01
1.089868526359147882e-01
1.094127949565155411e-01
1.098385189496624004e-01
1.102639701701489394e-01
1.106890942055168137e-01
1.111138366778838260e-01
1.115381432457636934e-01
1.119619596058747668e-01
1.123852314949406739e-01
1.128079046914801375e-01
1.132299250175889949e-01
1.136512383407103643e-01
1.140717905753962647e-01
1.144915276850577424e-01
1.149103956837072560e-01
1.153283406376884312e-01
1.157453086673963516e-01
1.161612459489879123e-01
1.165760987160814610e-01
1.169898132614443920e-01
1.174023359386729415e-01
1.178136131638579664e-01
1.182235914172423130e-01
1.186322172448663337e-01
1.190394372602014972e-01
1.194451981457753109e-01
1.198494466547829762e-01
1.202521296126879968e-01
1.206531939188134062e-01
1.210525865479195884e-01
1.214502545517721077e-01
1.218461450606977692e-01
1.222402052851286891e-01
1.226323825171371784e-01
1.230226241319555269e-01
1.234108775894881271e-01
1.237970904358098589e-01
1.241812103046533722e-01
1.245631849188857387e-01
1.249429620919723094e-01
1.253204897294308007e-01
1.256957158302722533e-01
1.260685884884317209e-01
1.264390558941869136e-01
1.268070663355664596e-01
1.271725681997451507e-01
1.275355099744300280e-01
1.278958402492320623e-01
1.282535077170314231e-01
1.286084611753271489e-01
1.289606495275778253e-01
1.293100217845306876e-01
1.296565270655403168e-01
1.300001145998760099e-01
1.303407337280190204e-01
1.306783339029478908e-01
1.310128646914148209e-01
1.313442757752097956e-01
1.316725169524162464e-01
1.319975381386550572e-01
1.323192893683186877e-01
1.326377207957957494e-01
1.329527826966856452e-01
1.332644254690027175e-01
1.335725996343717914e-01
1.338772558392142265e-01
1.341783448559227265e-01
1.344758175840304881e-01
1.347696250513678862e-01
1.350597184152129704e-01
1.353460489634315533e-01
1.356285681156101097e-01
1.359072274241795442e-01
1.361819785755314094e-01
1.364527733911251595e-01
1.367195638285904624e-01
1.369823019828182442e-01
1.372409400870476526e-01
1.374954305139444999e-01
1.377457257766726562e-01
1.379917785299598076e-01
1.382335415711561100e-01
1.384709678412877898e-01
1.387040104261031137e-01
1.389326225571137774e-01
1.391567576126312988e-01
1.393763691187979159e-01
1.395914107506116830e-01
1.398018363329487923e-01
1.400075998415799827e-01
1.402086554041835353e-01
1.404049573013544661e-01
1.405964599676104987e-01
1.407831179923939857e-01
1.409648861210718307e-01
1.411417192559324130e-01
1.413135724571796537e-01
1.414804009439259713e-01
1.416421600951829340e-01
1.417988054508507179e-01
1.419502927127059555e-01
1.420965777453896406e-01
1.422376165773941714e-01
1.423733654020492290e-01
1.425037805785096257e-01
1.426288186327423768e-01
1.427484362585145217e-01
1.428625903183830259e-01
1.429712378446857390e-01
1.430743360405335174e-01
1.431718422808039015e-01
1.432637141131404002e-01
1.433499092589512469e-01
1.434303856144122369e-01
1.435051012514742541e-01
1.435740144188727141e-01
1.436370835431429738e-01
1.436942672296386003e-01
1.437455242635556352e-01
1.437908136109622426e-01
1.438300944198327713e-01
1.438633260210881448e-01
1.438904679296433564e-01
1.439114798454601829e-01
1.439263216546078916e-01
1.439349534303306366e-01
1.439373354341228484e-01
1.439334281168119234e-01
1.439231921196497954e-01
1.439065882754138881e-01
1.438835776095147290e-01
1.438541213411153041e-01
1.438181808842588227e-01
1.437757178490069176e-01
1.437266940425878936e-01
1.436710714705554115e-01
1.436088123379592740e-01
1.435398790505260092e-01
1.434642342158522488e-01
1.433818406446093208e-01
1.432926613517612191e-01
1.431966595577934542e-01
1.430937986899562531e-01
1.429840423835202490e-01
1.428673544830465492e-01
1.427436990436691255e-01
1.426130403323924989e-01
1.424753428294038005e-01
1.423305712293990166e-01
1.421786904429245546e-01
1.420196655977341016e-01
1.418534620401598056e-01
1.416800453365018586e-01
1.414993812744321233e-01
1.413114358644137758e-01
1.411161753411388498e-01
1.409135661649827398e-01
1.407035750234735261e-01
1.404861688327819769e-01
1.402613147392252901e-01
1.400289801207923457e-01
1.397891325886836955e-01
1.395417399888720378e-01
1.392867704036795662e-01
1.390241921533743319e-01
1.387539737977859788e-01
1.384760841379397422e-01
1.381904922177094597e-01
1.378971673254892338e-01
1.375960789958871611e-01
1.372871970114354079e-01
1.369704914043211597e-01
1.366459324581383028e-01
1.363134907096579251e-01
1.359731369506191057e-01
1.356248422295402989e-01
1.352685778535500649e-01
1.349043153902395598e-01
1.345320266695335942e-01
1.341516837855837863e-01
1.337632590986819747e-01
1.333667252371922296e-01
1.329620550995073147e-01
1.325492218560212210e-01
1.321281989511269295e-01
1.316989601052304393e-01
1.312614793167890537e-01
1.308157308643686234e-01
1.303616893087207462e-01
1.298993294948821153e-01
1.294286265542933523e-01
1.289495559069390174e-01
1.284620932635070212e-01
1.279662146275690748e-01
1.274618962977814018e-01
1.269491148701051286e-01
1.264278472400474362e-01
1.258980706049203091e-01
1.253597624661232368e-01
1.248129006314409595e-01
1.242574632173635840e-01
1.236934286514247971e-01
1.231207756745591742e-01
1.225394833434783337e-01
1.219495310330663274e-01
1.213508984387925982e-01
1.207435655791440632e-01
1.201275127980728219e-01
1.195027207674658198e-01
1.188691704896273904e-01
1.182268432997816976e-01
1.175757208685900279e-01
1.169157852046878165e-01
1.162470186572334141e-01
1.155694039184758937e-01
1.148829240263380957e-01
1.141875623670128848e-01
1.134833026775767528e-01
1.127701290486145813e-01
1.120480259268621381e-01
1.113169781178591222e-01
1.105769707886165576e-01
1.098279894702967052e-01
1.090700200609059367e-01
1.083030488279976555e-01
1.075270624113878748e-01
1.067420478258823135e-01
1.059479924640109594e-01
1.051448840987770084e-01
1.043327108864094410e-01
1.035114613691283936e-01
1.026811244779193832e-01
1.018416895353101148e-01
1.009931462581608874e-01
1.001354847604562504e-01
9.926869555610590146e-02
9.839276956174733413e-02
9.750769809955905920e-02
9.661347290007082922e-02
9.571008610498163427e-02
9.479753026998069543e-02
9.387579836756737572e-02
9.294488378987580957e-02
9.200478035149783906e-02
9.105548229230800428e-02
9.009698428028498074e-02
8.912928141433590357e-02
8.815236922711411349e-02
8.716624368783743027e-02
8.617090120510023654e-02
8.516633862968242541e-02
8.415255325735382375e-02
8.312954283167200975e-02
8.209730554677213687e-02
8.105584005015198379e-02
8.000514544544662376e-02
7.894522129519382370e-02
7.787606762359156054e-02
7.679768491924254814e-02
7.571007413788771734e-02
7.461323670512909345e-02
7.350717451913546530e-02
7.239188995333789567e-02
7.126738585910832868e-02
7.013366556842171029e-02
6.899073289650264895e-02
6.783859214445364660e-02
6.667724810186403950e-02
6.550670604940117547e-02
6.432697176138013617e-02
6.313805150831169888e-02
6.193995205942942617e-02
6.073268068519166452e-02
5.951624515976167151e-02
5.829065376346159733e-02
5.705591528519954325e-02
5.581203902487158475e-02
5.455903479573542825e-02
5.329691292675425851e-02
5.202568426491183118e-02
5.074536017749703420e-02
4.945595255435597526e-02
4.815747381011231676e-02
4.684993688635377684e-02
4.553335525378376936e-02
4.420774291433826608e-02
4.287311440326541101e-02
4.152948479116852498e-02
4.017686968601141828e-02
3.881528523508170903e-02
3.744474812691711563e-02
3.606527559318800646e-02
3.467688541054048112e-02
3.327959590239309984e-02
3.187342594069220159e-02
3.045839494762142552e-02
2.903452289726404789e-02
2.760183031722041047e-02
2.616033829017649914e-02
2.471006845542339514e-02
2.325104301032770993e-02
2.178328471175156045e-02
2.030681687741975328e-02
1.882166338723623156e-02
1.732784868454589899e-02
1.582539777734287556e-02
1.431433623942252042e-02
1.279469021147927599e-02
1.126648640214616970e-02
9.729752088975973656e-03
8.184515119366464475e-03
6.630803911421845331e-03
5.068647454758490323e-03
3.498075311246073849e-03
1.919117615687859768e-03
3.318050764384850027e-04
-1.263831024042816331e-03
-2.867758828701938434e-03
-4.479945905467019873e-03
-6.100359246889786036e-03
-7.728965269854504161e-03
-9.365729815353829313e-03
-1.101061814833415031e-02
-1.266359495760793763e-02
-1.432462435583886640e-02
-1.599366987959327524e-02
-1.767069448946628762e-02
-1.935566057027804376e-02
-2.104852993134254113e-02
-2.274926380680902804e-02
-2.445782285607850381e-02
-2.617416716429360468e-02
-2.789825624290215300e-02
-2.963004903029869963e-02
-3.136950389253995164e-02
-3.311657862413835973e-02
-3.487123044893086776e-02
-3.663341602102743177e-02
-3.840309142583553381e-02
-4.018021218116474280e-02
-4.196473323840982372e-02
-4.375660898381317221e-02
-4.555579323980668560e-02
-4.736223926643445825e-02
-4.917589976285624553e-02
-5.099672686893108597e-02
-5.282467216688307987e-02
-5.465968668304777012e-02
-5.650172088970201179e-02
-5.835072470697305613e-02
-6.020664750483489813e-02
-6.206943810518189553e-02
-6.393904478398848568e-02
-6.581541527355239118e-02
-6.769849676481726197e-02
-6.958823590978402418e-02
-7.148457882400027774e-02
-7.338747108913834527e-02
-7.529685775565181372e-02
-7.721268334552100487e-02
-7.913489185507704970e-02
-8.106342675791394781e-02
-8.299823100788145114e-02
-8.493924704216254673e-02
-8.688641678443542737e-02
-8.883968164811650858e-02
-9.079898253968970989e-02
-9.276425986211678243e-02
-9.473545351833134731e-02
-9.671250291481614525e-02
-9.869534696526199857e-02
-1.006839240943104286e-01
-1.026781722413770970e-01
-1.046780288645577928e-01
-1.066834309446157425e-01
-1.086943149890502447e-01
-1.107106170362455733e-01
-1.127322726597015379e-01
-1.147592169723412603e-01
-1.167913846309031056e-01
-1.188287098404062769e-01
-1.208711263586999263e-01
-1.229185675010860679e-01
-1.249709661450240372e-01
-1.270282547349081415e-01
-1.290903652869249962e-01
-1.311572293939843314e-01
-1.332287782307255697e-01
-1.353049425585990395e-01
-1.373856527310220454e-01
-1.394708386986049931e-01
-1.415604300144532868e-01
-1.436543558395382558e-01
-1.457525449481404667e-01
-1.478549257333614253e-01
-1.499614262127068887e-01
-1.520719740337352077e-01
-1.541864964797756976e-01
-1.563049204757125943e-01
-1.584271725938340980e-01
-1.605531790597474473e-01
-1.626828657583549720e-01
-1.648161582398966207e-01
-1.669529817260509141e-01
-1.690932611160977650e-01
-1.712369209931409730e-01
-1.733838856303889508e-01
-1.755340789974929039e-01
-1.776874247669419371e-01
-1.798438463205103144e-01
-1.820032667557639205e-01
-1.841656088926155732e-01
-1.863307952799314604e-01
-1.884987482021916461e-01
-1.906693896861959836e-01
-1.928426415078198231e-01
-1.950184251988162365e-01
-1.971966620536626802e-01
-1.993772731364527595e-01
-2.015601792878297105e-01
-2.037453011319619312e-01
-2.059325590835582587e-01
-2.081218733549212996e-01
-2.103131639630398120e-01
-2.125063507367141447e-01
-2.147013533237185079e-01
-2.168980911979949966e-01
-2.190964836668791160e-01
-2.212964498783571432e-01
-2.234979088283485793e-01
-2.257007793680196606e-01
-2.279049802111192957e-01
-2.301104299413419263e-01
-2.323170470197103710e-01
-2.345247497919813184e-01
-2.367334564960709431e-01
-2.389430852694960083e-01
-2.411535541568347873e-01
-2.433647811171998077e-01
-2.455766840317261390e-01
-2.477891807110704503e-01
-2.500021889029198086e-01
-2.522156262995101095e-01
-2.544294105451510024e-01
-2.566434592437565332e-01
-2.588576899663780351e-01
-2.610720202587424321e-01
-2.632863676487868787e-01
-2.655006496541958971e-01
-2.677147837899348515e-01
-2.699286875757774262e-01
-2.721422785438302183e-01
-2.743554742460467821e-01
-2.765681922617346800e-01
-2.787803502050509863e-01
-2.809918657324856905e-01
-2.832026565503298343e-01
-2.854126404221301039e-01
-2.876217351761249374e-01
-2.898298587126617587e-01
-2.920369290115940042e-01
-2.942428641396562239e-01
-2.964475822578161446e-01
-2.986510016285989222e-01
-3.008530406233884680e-01
-3.030536177296969669e-01
-3.052526515584064182e-01
-3.074500608509777577e-01
-3.096457644866283943e-01
-3.118396814894693891e-01
-3.140317310356177116e-01
-3.162218324602582009e-01
-3.184099052646749417e-01
-3.205958691232386748e-01
-3.227796438903507426e-01
-3.249611496073467887e-01
-3.271403065093525520e-01
-3.293170350320928086e-01
-3.314912558186552949e-01
-3.336628897262006177e-01
-3.358318578326252024e-01
-3.379980814431693403e-01
-3.401614820969722786e-01
-3.423219815735730753e-01
-3.444795018993530578e-01
-3.466339653539223242e-01
-3.487852944764457952e-01
-3.509334120719093120e-01
-3.530782412173244511e-01
-3.552197052678687239e-01
-3.573577278629639364e-01
-3.594922329322869925e-01
-3.616231447017143052e-01
-3.637503876991999840e-01
-3.658738867605823009e-01
-3.679935670353222110e-01
-3.701093539921686548e-01
-3.722211734247535264e-01
-3.743289514571109811e-01
-3.764326145491236897e-01
-3.785320895018923215e-01
-3.806273034630293095e-01
-3.827181839318739565e-01
-3.848046587646301031e-01
-3.868866561794229164e-01
-3.889641047612762970e-01
-3.910369334670084629e-01
-3.931050716300455994e-01
-3.951684489651510757e-01
-3.972269955730721169e-01
-3.992806419451020439e-01
-4.013293189675557482e-01
-4.033729579261595144e-01
-4.054114905103545219e-01
-4.074448488175109184e-01
-4.094729653570563510e-01
-4.114957730545128478e-01
-4.135132052554457704e-01
-4.155251957293225051e-01
-4.175316786732794494e-01
-4.195325887157995148e-01
-4.215278609202959825e-01
-4.235174307886065970e-01
-4.255012342643920142e-01
-4.274792077364444887e-01
-4.294512880419003586e-01
-4.314174124693614942e-01
-4.333775187619193225e-01
-4.353315451200892583e-01
-4.372794302046429937e-01
-4.392211131393561896e-01
-4.411565335136520272e-01
-4.430856313851538886e-01
-4.450083472821414476e-01
-4.469246222059116702e-01
-4.488343976330446683e-01
-4.507376155175721877e-01
-4.526342182930516711e-01
-4.545241488745451752e-01
-4.564073506605007546e-01
-4.582837675345394768e-01
-4.601533438671464582e-01
-4.620160245172673097e-01
-4.638717548338069929e-01
-4.657204806570363065e-01
-4.675621483199009498e-01
-4.693967046492383832e-01
-4.712240969668967105e-01
-4.730442730907630233e-01
-4.748571813356956550e-01
-4.766627705143632876e-01
-4.784609899379899667e-01
-4.802517894170102442e-01
-4.820351192616271763e-01
-4.838109302822835023e-01
-4.855791737900368998e-01
-4.873398015968467556e-01
-4.890927660157701196e-01
-4.908380198610665102e-01
-4.925755164482143456e-01
-4.943052095938394452e-01
-4.960270536155526599e-01
-4.977410033317024030e-01
-4.994470140610398623e-01
-5.011450416222973381e-01
-5.028350423336817032e-01
-5.045169730122829321e-01
-5.061907909733989186e-01
-5.078564540297774155e-01
-5.095139204907745967e-01
-5.111631491614343492e-01
-5.128040993414835214e-01
-5.144367308242511205e-01
-5.160610038955069090e-01
-5.176768793322212847e-01
-5.192843184012503333e-01
-5.208832828579426089e-01
-5.224737349446734180e-01
-5.240556373893029418e-01
-5.256289534035621935e-01
-5.271936466813678113e-01
-5.287496813970645748e-01
-5.302970222036000880e-01
-5.318356342306280737e-01
-5.333654830825471649e-01
-5.348865348364709726e-01
-5.363987560401344279e-01
-5.379021137097346195e-01
-5.393965753277107922e-01
-5.408821088404588417e-01
-5.423586826559910756e-01
-5.438262656415315810e-01
-5.452848271210558595e-01
-5.467343368727732855e-01
-5.481747651265540533e-01
-5.496060825613021672e-01
-5.510282603022759185e-01
-5.524412699183548492e-01
-5.538450834192591987e-01
-5.552396732527180578e-01
-5.566250123015913376e-01
-5.580010738809444426e-01
-5.593678317350792017e-01
-5.607252600345200566e-01
-5.620733333729595049e-01
-5.634120267641603563e-01
-5.647413156388222388e-01
-5.660611758414058059e-01
-5.673715836269246360e-01
-5.686725156576990514e-01
-5.699639490000761866e-01
-5.712458611211200799e-01
-5.725182298852690144e-01
-5.737810335509636595e-01
-5.750342507672469017e-01
-5.762778605703379187e-01
-5.775118423801811618e-01
-5.787361759969703590e-01
-5.799508415976519782e-01
-5.811558197324058206e-01
-5.823510913211090712e-01
-5.835366376497798102e-01
-5.847124403670050929e-01
-5.858784814803544849e-01
-5.870347433527801639e-01
-5.881812086990033661e-01
-5.893178605818919502e-01
-5.904446824088279699e-01
-5.915616579280674747e-01
-5.926687712250948703e-01
-5.937660067189707291e-01
-5.948533491586774913e-01
-5.959307836194631669e-01
-5.969982954991835955e-01
-5.980558705146467036e-01
-5.991034946979578724e-01
-6.001411543928688586e-01
-6.011688362511338202e-01
-6.021865272288695614e-01
-6.031942145829242152e-01
-6.041918858672556958e-01
-6.051795289293205871e-01
-6.061571319064742447e-01
-6.071246832223852197e-01
-6.080821715834640040e-01
-6.090295859753075414e-01
-6.099669156591606134e-01
-6.108941501683978759e-01
-6.118112793050223264e-01
-6.127182931361897511e-01
-6.136151819907504912e-01
-6.145019364558187425e-01
-6.153785473733659472e-01
-6.162450058368396100e-01
-6.171013031878100907e-01
-6.179474310126471526e-01
-6.187833811392248196e-01
-6.196091456336582093e-01
-6.204247167970724508e-01
-6.212300871624062415e-01
-6.220252494912476005e-01
-6.228101967707068143e-01
-6.235849222103276857e-01
-6.243494192390339759e-01
-6.251036815021157045e-01
-6.258477028582575263e-01
-6.265814773766054113e-01
-6.273049993338771779e-01
-6.280182632115166586e-01
-6.287212636928899423e-01
-6.294139956605293573e-01
-6.300964541934219731e-01
-6.307686345643456205e-01
-6.314305322372522067e-01
-6.320821428647023232e-01
-6.327234622853463719e-01
-6.333544865214590924e-01
-6.339752117765237172e-01
-6.345856344328693055e-01
-6.351857510493621461e-01
-6.357755583591487847e-01
-6.363550532674552285e-01
-6.369242328494433281e-01
-6.374830943481185619e-01
-6.380316351722992163e-01
-6.385698528946416319e-01
-6.390977452497234035e-01
-6.396153101321836454e-01
-6.401225455949277610e-01
-6.406194498473867238e-01
-6.411060212538407521e-01
-6.415822583318012695e-01
-6.420481597504582583e-01
-6.425037243291850109e-01
-6.429489510361113824e-01
-6.433838389867539975e-01
-6.438083874427157349e-01
-6.442225958104447203e-01
-6.446264636400603765e-01
-6.450199906242441994e-01
-6.454031765971935952e-01
-6.457760215336436627e-01
-6.461385255479529244e-01
-6.464906888932554496e-01
-6.468325119606811446e-01
-6.471639952786388816e-01
-6.474851395121691278e-01
-6.477959454623631874e-01
-6.480964140658483919e-01
-6.483865463943409013e-01
-6.486663436542672301e-01
-6.489358071864484989e-01
-6.491949384658607380e-01
-6.494437391014514782e-01
-6.496822108360340575e-01
-6.499103555462434345e-01
-6.501281752425601690e-01
-6.503356720694039028e-01
-6.505328483052930100e-01
-6.507197063630699718e-01
-6.508962487901960303e-01
-6.510624782691116774e-01
-6.512183976176646460e-01
-6.513640097896026271e-01
-6.514993178751349312e-01
-6.516243251015569893e-01
-6.517390348339451300e-01
-6.518434505759115316e-01
-6.519375759704286732e-01
-6.520214148007169586e-01
-6.520949709911959546e-01
-6.521582486085018004e-01
-6.522112518625666766e-01
-6.522539851077633344e-01
-6.522864528441082443e-01
-6.523086597185338009e-01
-6.523206105262159271e-01
-6.523223102119676264e-01
-6.523137638716902664e-01
-6.522949767538870347e-01
-6.522659542612355699e-01
-6.522267019522185461e-01
-6.521772255428148757e-01
-6.521175309082462013e-01
-6.520476240847826732e-01
-6.519675112716042387e-01
-6.518771988327172195e-01
-6.517766932989266238e-01
-6.516660013698627463e-01
-6.515451299160606169e-01
-6.514140859810921835e-01
-6.512728767837516752e-01
-6.511215097202903701e-01
-6.509599923667029886e-01
-6.507883324810617154e-01
-6.506065380059010694e-01
-6.504146170706485153e-01
-6.502125779941013706e-01
-6.500004292869526745e-01
-6.497781796543568023e-01
-6.495458379985447062e-01
-6.493034134214762387e-01
-6.490509152275383276e-01
-6.487883529262825633e-01
-6.485157362352035326e-01
-6.482330750825524568e-01
-6.479403796101942392e-01
-6.476376601764959329e-01
-6.473249273592531772e-01
-6.470021919586511627e-01
-6.466694650002570155e-01
-6.463267577380470419e-01
-6.459740816574626177e-01
-6.456114484784969410e-01
-6.452388701588097630e-01
-6.448563588968714289e-01
-6.444639271351303433e-01
-6.440615875632078602e-01
-6.436493531211157082e-01
-6.432272370024970654e-01
-6.427952526578876169e-01
-6.423534137979972636e-01
-6.419017343970118139e-01
-6.414402286959112187e-01
-6.409689112058024607e-01
-6.404877967112718729e-01
-6.399969002737460055e-01
-6.394962372348690360e-01
-6.389858232198880605e-01
-6.384656741410513758e-01
-6.379358062010118680e-01
-6.373962358962398378e-01
-6.368469800204411557e-01
-6.362880556679784139e-01
-6.357194802372981846e-01
-6.351412714343562804e-01
-6.345534472760460121e-01
-6.339560260936250025e-01
-6.333490265361380045e-01
-6.327324675738391635e-01
-6.321063685016057310e-01
-6.314707489423473374e-01
-6.308256288504076048e-01
-6.301710285149554336e-01
-6.295069685633652989e-01
-6.288334699645885539e-01
-6.281505540325078574e-01
-6.274582424292778349e-01
-6.267565571686517512e-01
-6.260455206192885313e-01
-6.253251555080411306e-01
-6.245954849232254746e-01
-6.238565323178675293e-01
-6.231083215129280539e-01
-6.223508767005013764e-01
-6.215842224469897426e-01
-6.208083836962524638e-01
-6.200233857727223130e-01
-6.192292543844963859e-01
-6.184260156263933217e-01
-6.176136959829813255e-01
-6.167923223315678882e-01
-6.159619219451590855e-01
-6.151225224953792425e-01
-6.142741520553559598e-01
-6.134168391025646150e-01
-6.125506125216313436e-01
-6.116755016070981599e-01
-6.107915360661425597e-01
-6.098987460212546008e-01
-6.089971620128680208e-01
-6.080868150019455021e-01
-6.071677363725159760e-01
-6.062399579341640754e-01
-6.053035119244685180e-01
-6.043584310113884195e-01
-6.034047482956010899e-01
-6.024424973127809890e-01
-6.014717120358288316e-01
-6.004924268770419626e-01
-5.995046766902284441e-01
-5.985084967727647420e-01
-5.975039228675917968e-01
-5.964909911651532504e-01
-5.954697383052702797e-01
-5.944402013789568118e-01
-5.934024179301700119e-01
-5.923564259574951585e-01
-5.913022639157683447e-01
-5.902399707176311239e-01
-5.891695857350183196e-01
-5.880911488005772236e-01
