1.192450411465221238e-01
1.175255503389203149e-01
1.158066707885136160e-01
1.140884841080574696e-01
1.123710718029782007e-01
1.106545152656685238e-01
1.089388957698042559e-01
1.072242944646833174e-01
1.055107923695892125e-01
1.037984703681784915e-01
1.020874092028951630e-01
1.003776894694119737e-01
9.866939161109802847e-02
9.696259591351857887e-02
9.525738249896198440e-02
9.355383132100100751e-02
9.185202215908258583e-02
9.015203461315535183e-02
8.845394809832762828e-02
8.675784183956303242e-02
8.506379486641130194e-02
8.337188600777800662e-02
8.168219388673028658e-02
7.999479691534389092e-02
7.830977328958907413e-02
7.662720098425926385e-02
7.494715774793916929e-02
7.326972109801924149e-02
7.159496831575146158e-02
6.992297644135106460e-02
6.825382226914369910e-02
6.658758234275941046e-02
6.492433295037355889e-02
6.326415011999597660e-02
6.160710961481027925e-02
5.995328692856086161e-02
5.830275728099279520e-02
5.665559561334188032e-02
5.501187658387685087e-02
5.337167456349456440e-02
5.173506363136920472e-02
5.010211757065616278e-02
4.847290986424854231e-02
4.684751369059289572e-02
4.522600191955800097e-02
4.360844710836286886e-02
4.199492149756106629e-02
4.038549700708388146e-02
3.878024523234069321e-02
3.717923744038187372e-02
3.558254456611720240e-02
3.399023720859861708e-02
3.240238562736064143e-02
3.081905973882509420e-02
2.924032911276408520e-02
2.766626296882873648e-02
2.609693017313802210e-02
2.453239923493222285e-02
2.297273830328866451e-02
2.141801516390151594e-02
1.986829723592653529e-02
1.832365156888920987e-02
1.678414483965801063e-02
1.524984334948248366e-02
1.372081302109762202e-02
1.219711939589179783e-02
1.067882763114214040e-02
9.166002497314584829e-03
7.658708375431755311e-03
6.157009254504519635e-03
4.660968729032266555e-03
3.170649996568297713e-03
1.686115855351721926e-03
2.074287020074061516e-04
-1.265349470689625111e-03
-2.732157075981123118e-03
-4.192932935226489910e-03
-5.647616279938150186e-03
-7.096146753748477920e-03
-8.538464414310886763e-03
-9.974509735135361765e-03
-1.140422360735604546e-02
-1.282754734143304320e-02
-1.424442266878894747e-02
-1.565479174337913726e-02
-1.705859714319463150e-02
-1.845578187170199280e-02
-1.984628935921600723e-02
-2.123006346420835966e-02
-2.260704847455008437e-02
-2.397718910869162112e-02
-2.534043051677620229e-02
-2.669671828169178918e-02
-2.804599842005689458e-02
-2.938821738314556509e-02
-3.072332205774819247e-02
-3.205125976696937551e-02
-3.337197827096616276e-02
-3.468542576762206897e-02
-3.599155089316108391e-02
-3.729030272270172919e-02
-3.858163077074988623e-02
-3.986548499163250492e-02
-4.114181577987274796e-02
-4.241057397050507216e-02
-4.367171083933418796e-02
-4.492517810313478854e-02
-4.617092791979660049e-02
-4.740891288841125872e-02
-4.863908604930428092e-02
-4.986140088401308512e-02
-5.107581131520927409e-02
-5.228227170656812861e-02
-5.348073686258558723e-02
-5.467116202834187977e-02
-5.585350288921447914e-02
-5.702771557054103768e-02
-5.819375663723042047e-02
-5.935158309332633220e-02
-6.050115238152165009e-02
-6.164242238262540585e-02
-6.277535141498186144e-02
-6.389989823384567558e-02
-6.501602203071010777e-02
-6.612368243259081346e-02
-6.722283950126761720e-02
-6.831345373248104424e-02
-6.939548605509032742e-02
-7.046889783018772668e-02
-7.153365085017376890e-02
-7.258970733779346318e-02
-7.363702994513438016e-02
-7.467558175258681707e-02
-7.570532626776810270e-02
-7.672622742441120858e-02
-7.773824958121872131e-02
-7.874135752068273097e-02
-7.973551644787435499e-02
-8.072069198919756827e-02
-8.169685019111677660e-02
-8.266395751885058374e-02
-8.362198085504057854e-02
-8.457088749838886921e-02
-8.551064516227119272e-02
-8.644122197332282376e-02
-8.736258647000166855e-02
-8.827470760112404724e-02
-8.917755472438143594e-02
-9.007109760483344996e-02
-9.095530641337951083e-02
-9.183015172521219460e-02
-9.269560451825104019e-02
-9.355163617155887179e-02
-9.439821846374080172e-02
-9.523532357132780124e-02
-9.606292406714639354e-02
-9.688099291867324769e-02
-9.768950348637783776e-02
-9.848842952205349999e-02
-9.927774516713755437e-02
-1.000574249510217117e-01
-1.008274437893541542e-01
-1.015877769823342325e-01
-1.023384002129992809e-01
-1.030792895455071023e-01
-1.038104214234136236e-01
-1.045317726679458326e-01
-1.052433204762738828e-01
-1.059450424197794227e-01
-1.066369164423254801e-01
-1.073189208585246801e-01
-1.079910343520096294e-01
-1.086532359737053532e-01
-1.093055051401057298e-01
-1.099478216315522006e-01
-1.105801655905190861e-01
-1.112025175199049531e-01
-1.118148582813297542e-01
-1.124171690934401280e-01
-1.130094315302252461e-01
-1.135916275193397107e-01
-1.141637393404383305e-01
-1.147257496235229990e-01
-1.152776413473002859e-01
-1.158193978375537392e-01
-1.163510027655285106e-01
-1.168724401463337448e-01
-1.173836943373574582e-01
-1.178847500366997370e-01
-1.183755922816231987e-01
-1.188562064470215507e-01
-1.193265782439069111e-01
-1.197866937179165592e-01
-1.202365392478408901e-01
-1.206761015441730756e-01
-1.211053676476782082e-01
-1.215243249279888693e-01
-1.219329610822208476e-01
-1.223312641336153361e-01
-1.227192224302041113e-01
-1.230968246435021896e-01
-1.234640597672240214e-01
-1.238209171160293831e-01
-1.241673863242947484e-01
-1.245034573449139703e-01
-1.248291204481257188e-01
-1.251443662203716167e-01
-1.254491855631854613e-01
-1.257435696921081481e-01
-1.260275101356406746e-01
-1.263009987342206819e-01
-1.265640276392364649e-01
-1.268165893120709597e-01
-1.270586765231802029e-01
-1.272902823512025994e-01
-1.275114001821038845e-01
-1.277220237083571130e-01
-1.279221469281540124e-01
-1.281117641446535838e-01
-1.282908699652673956e-01
-1.284594593009760755e-01
-1.286175273656864348e-01
-1.287650696756221236e-01
-1.289020820487521424e-01
-1.290285606042560484e-01
-1.291445017620255209e-01
-1.292499022422032295e-01
-1.293447590647630041e-01
-1.294290695491215337e-01
-1.295028313137926990e-01
-1.295660422760797625e-01
-1.296187006518025875e-01
-1.296608049550680986e-01
-1.296923539980748274e-01
-1.297133468909600906e-01
-1.297237830416819726e-01
-1.297236621559433312e-01
-1.297129842371528285e-01
-1.296917495864260972e-01
-1.296599588026241534e-01
-1.296176127824322788e-01
-1.295647127204754834e-01
-1.295012601094771565e-01
-1.294272567404498586e-01
-1.293427047029305221e-01
-1.292476063852512347e-01
-1.291419644748484363e-01
-1.290257819586120291e-01
-1.288990621232686262e-01
-1.287618085558089875e-01
-1.286140251439454874e-01
-1.284557160766138795e-01
-1.282868858445074256e-01
-1.281075392406496594e-01
-1.279176813610040653e-01
-1.277173176051202286e-01
-1.275064536768148460e-01
-1.272850955848882082e-01
-1.270532496438789849e-01
-1.268109224748495412e-01
-1.265581210062097228e-01
-1.262948524745714507e-01
-1.260211244256410623e-01
-1.257369447151404085e-01
-1.254423215097636435e-01
-1.251372632881672109e-01
-1.248217788419879182e-01
-1.244958772768969824e-01
-1.241595680136808322e-01
-1.238128607893551614e-01
-1.234557656583088470e-01
-1.230882929934727366e-01
-1.227104534875237962e-01
-1.223222581541117404e-01
-1.219237183291155824e-01
-1.215148456719269965e-01
-1.210956521667584940e-01
-1.206661501239784107e-01
-1.202263521814708747e-01
-1.197762713060175899e-01
-1.193159207947066536e-01
-1.188453142763609138e-01
-1.183644657129894195e-01
-1.178733894012610750e-01
-1.173720999739976123e-01
-1.168606124016862702e-01
-1.163389419940122349e-01
-1.158071044014085116e-01
-1.152651156166236701e-01
-1.147129919763056338e-01
-1.141507501626012333e-01
-1.135784072047713034e-01
-1.129959804808195467e-01
-1.124034877191337212e-01
-1.118009470001393169e-01
-1.111883767579671667e-01
-1.105657957821275517e-01
-1.099332232191966852e-01
-1.092906785745113574e-01
-1.086381817138711847e-01
-1.079757528652485199e-01
-1.073034126205019700e-01
-1.066211819370987413e-01
-1.059290821398377602e-01
-1.052271349225779584e-01
-1.045153623499673889e-01
-1.037937868591744528e-01
-1.030624312616199023e-01
-1.023213187447061245e-01
-1.015704728735466467e-01
-1.008099175926927549e-01
-1.000396772278552837e-01
-9.925977648762279726e-02
-9.847024046517338647e-02
-9.767109463998141505e-02
-9.686236487951382923e-02
-9.604407744092069432e-02
-9.521625897271351890e-02
-9.437893651643519677e-02
-9.353213750831729234e-02
-9.267588978092289320e-02
-9.181022156477891549e-02
-9.093516148999186699e-02
-9.005073858784751195e-02
-8.915698229239443773e-02
-8.825392244200996883e-02
-8.734158928094759577e-02
-8.642001346086219948e-02
-8.548922604231873335e-02
-8.454925849627492607e-02
-8.360014270554294580e-02
-8.264191096622813815e-02
-8.167459598914117436e-02
-8.069823090118560804e-02
-7.971284924671728778e-02
-7.871848498887762391e-02
-7.771517251089754552e-02
-7.670294661736976050e-02
-7.568184253549403717e-02
-7.465189591628701438e-02
-7.361314283576181339e-02
-7.256561979607284441e-02
-7.150936372662664020e-02
-7.044441198515694058e-02
-6.937080235876247336e-02
-6.828857306491004087e-02
-6.719776275239569552e-02
-6.609841050226999970e-02
-6.499055582872087511e-02
-6.387423867991637305e-02
-6.274949943880692160e-02
-6.161637892388138749e-02
-6.047491838988433566e-02
-5.932515952848416152e-02
-5.816714446889914569e-02
-5.700091577847626878e-02
-5.582651646322361882e-02
-5.464398996829405997e-02
-5.345338017842166112e-02
-5.225473141830871970e-02
-5.104808845296193720e-02
-4.983349648797819054e-02
-4.861100116978034347e-02
-4.738064858579765781e-02
-4.614248526459685529e-02
-4.489655817595672449e-02
-4.364291473089054740e-02
-4.238160278161218208e-02
-4.111267062144702278e-02
-3.983616698468761541e-02
-3.855214104639026473e-02
-3.726064242211724054e-02
-3.596172116761836568e-02
-3.465542777845520561e-02
-3.334181318956658258e-02
-3.202092877477313859e-02
-3.069282634622294559e-02
-2.935755815377655287e-02
-2.801517688432925146e-02
-2.666573566107405258e-02
-2.530928804270093924e-02
-2.394588802253488913e-02
-2.257559002761005962e-02
-2.119844891768107864e-02
-1.981451998417138594e-02
-1.842385894905679278e-02
-1.702652196368559245e-02
-1.562256560753322310e-02
-1.421204688689264861e-02
-1.279502323350001358e-02
-1.137155250309379584e-02
-9.941692973909843634e-03
-8.505503345109577396e-03
-7.063042735142077699e-03
-5.614370680041835815e-03
-4.159547131657226338e-03
-2.698632455815419551e-03
-1.231687430419958762e-03
2.412267565196635211e-04
1.720048508922988884e-03
3.204715824741688479e-03
4.695166298128050641e-03
6.191337121672413346e-03
7.693165088703768362e-03
9.200586595660753542e-03
1.071353764452631641e-02
1.223195384533048991e-02
1.375577041871883788e-02
1.528492219858695877e-02
1.681934363478221339e-02
1.835896879586923491e-02
1.990373137196355113e-02
2.145356467762898900e-02
2.300840165484080435e-02
2.456817487601431482e-02
2.613281654709775914e-02
2.770225851072910528e-02
2.927643224945847278e-02
3.085526888903267206e-02
3.243869920174397015e-02
3.402665360984219456e-02
3.561906218900834364e-02
3.721585467189192364e-02
3.881696045170812681e-02
4.042230858589873632e-02
4.203182779985131790e-02
4.364544649068113902e-02
4.526309273107032016e-02
4.688469427316885318e-02
4.851017855255254640e-02
5.013947269224006131e-02
5.177250350676573798e-02
5.340919750631326068e-02
5.504948090090050483e-02
5.669327960462422489e-02
5.834051923995686728e-02
5.999112514210050429e-02
6.164502236339070018e-02
6.330213567775708206e-02
6.496238958523306573e-02
6.662570831651887238e-02
6.829201583759392236e-02
6.996123585437952208e-02
7.163329181745109464e-02
7.330810692679803897e-02
7.498560413663038493e-02
7.666570616023329898e-02
7.834833547486622085e-02
8.003341432670771360e-02
8.172086473584311284e-02
8.341060850129597415e-02
8.510256720610126502e-02
8.679666222241971818e-02
8.849281471669281918e-02
9.019094565483701254e-02
9.189097580747454530e-02
9.359282575520480596e-02
9.529641589390872025e-02
9.700166644009089456e-02
9.870849743625462192e-02
1.004168287563111939e-01
1.021265801110198268e-01
1.038376710534616998e-01
1.055500209845412207e-01
1.072635491585180179e-01
1.089781746885667701e-01
1.106938165523634610e-01
1.124103935976988877e-01
1.141278245481148479e-01
1.158460280085664984e-01
1.175649224711054763e-01
1.192844263205855293e-01
1.210044578403877413e-01
1.227249352181670194e-01
1.244457765516132630e-01
1.261668998542335995e-01
1.278882230611474713e-01
1.296096640348982088e-01
1.313311405712781210e-01
1.330525704051647440e-01
1.347738712163705221e-01
1.364949606355014000e-01
1.382157562498248227e-01
1.399361756091457298e-01
1.416561362316903216e-01
1.433755556099930994e-01
1.450943512167916782e-01
1.468124405109220432e-01
1.485297409432188853e-01
1.502461699624140223e-01
1.519616450210376501e-01
1.536760835813168191e-01
1.553894031210717175e-01
1.571015211396104561e-01
1.588123551636157482e-01
1.605218227530299524e-01
1.622298415069311772e-01
1.639363290694010600e-01
1.656412031353849679e-01
1.673443814565429566e-01
1.690457818470865181e-01
1.707453221896061968e-01
1.724429204408843286e-01
1.741384946376940968e-01
1.758319629025830166e-01
1.775232434496391287e-01
1.792122545902414266e-01
1.808989147387909391e-01
1.825831424184210794e-01
1.842648562666892309e-01
1.859439750412462122e-01
1.876204176254822886e-01
1.892941030341510900e-01
1.909649504189672720e-01
1.926328790741809183e-01
1.942978084421232710e-01
1.959596581187257880e-01
1.976183478590125275e-01
1.992737975825605301e-01
2.009259273789319455e-01
2.025746575130756288e-01
2.042199084306939028e-01
2.058616007635803991e-01
2.074996553349222617e-01
2.091339931645667394e-01
2.107645354742560539e-01
2.123912036928226055e-01
2.140139194613493168e-01
2.156326046382923134e-01
2.172471813045642741e-01
2.188575717685799504e-01
2.204636985712606356e-01
2.220654844909991932e-01
2.236628525485827024e-01
2.252557260120743032e-01
2.268440284016519648e-01
2.284276834944038159e-01
2.300066153290808435e-01
2.315807482108024895e-01
2.331500067157210587e-01
2.347143156956372212e-01
2.362736002825703840e-01
2.378277858932835997e-01
2.393767982337598188e-01
2.409205633036304861e-01
2.424590074005573970e-01
2.439920571245634273e-01
2.455196393823169398e-01
2.470416813913646203e-01
2.485581106843155474e-01
2.500688551129737203e-01
2.515738428524221804e-01
2.530730024050527049e-01
2.545662626045477883e-01
2.560535526198078338e-01
2.575348019588286630e-01
2.590099404725254018e-01
2.604788983585043516e-01
2.619416061647822924e-01
2.633979947934514398e-01
2.648479955042942202e-01
2.662915399183414800e-01
2.677285600213792360e-01
2.691589881674002482e-01
2.705827570820039107e-01
2.719997998657398552e-01
2.734100499973992626e-01
2.748134413372521623e-01
2.762099081302286097e-01
2.775993850090485715e-01
2.789818069972965220e-01
2.803571095124401946e-01
2.817252283687985415e-01
2.830860997804530155e-01
2.844396603641051735e-01
2.857858471418824875e-01
2.871245975440874787e-01
2.884558494118948380e-01
2.897795409999948668e-01
2.910956109791822954e-01
2.924039984388940305e-01
2.937046428896913364e-01
2.949974842656908347e-01
2.962824629269425469e-01
2.975595196617548122e-01
2.988285956889677464e-01
3.000896326601742437e-01
3.013425726618899625e-01
3.025873582176712984e-01
3.038239322901828965e-01
3.050522382832133728e-01
3.062722200436427400e-01
3.074838218633578757e-01
3.086869884811181963e-01
3.098816650843743692e-01
3.110677973110352879e-01
3.122453312511890289e-01
3.134142134487738485e-01
3.145743909032028274e-01
3.157258110709409982e-01
3.168684218670356767e-01
3.180021716666002196e-01
3.191270093062534285e-01
3.202428840855119918e-01
3.213497457681392944e-01
3.224475445834496523e-01
3.235362312275693597e-01
3.246157568646536040e-01
3.256860731280623589e-01
3.267471321214922564e-01
3.277988864200691022e-01
3.288412890713977577e-01
3.298742935965734424e-01
3.308978539911517913e-01
3.319119247260803873e-01
3.329164607485933791e-01
3.339114174830650206e-01
3.348967508318293484e-01
3.358724171759608912e-01
3.368383733760214604e-01
3.377945767727696946e-01
3.387409851878371847e-01
3.396775569243710713e-01
3.406042507676412257e-01
3.415210259856180652e-01
3.424278423295150642e-01
3.433246600343027310e-01
3.442114398191898905e-01
3.450881428880765434e-01
3.459547309299769724e-01
3.468111661194140383e-01
3.476574111167864412e-01
3.484934290687077829e-01
3.493191836083200941e-01
3.501346388555816036e-01
3.509397594175286961e-01
3.517345103885138879e-01
3.525188573504212108e-01
3.532927663728569478e-01
3.540562040133193866e-01
3.548091373173465901e-01
3.555515338186429064e-01
3.562833615391866049e-01
3.570045889893170843e-01
3.577151851678027072e-01
3.584151195618929253e-01
3.591043621473500869e-01
3.597828833884669231e-01
3.604506542380668810e-01
3.611076461374895241e-01
3.617538310165604454e-01
3.623891812935492451e-01
3.630136698751120772e-01
3.636272701562217602e-01
3.642299560200877306e-01
3.648217018380629506e-01
3.654024824695399909e-01
3.659722732618383434e-01
3.665310500500815194e-01
3.670787891570648220e-01
3.676154673931161243e-01
3.681410620559482094e-01
3.686555509305043943e-01
3.691589122887974916e-01
3.696511248897440538e-01
3.701321679789915664e-01
3.706020212887419230e-01
3.710606650375719018e-01
3.715080799302478143e-01
3.719442471575395426e-01
3.723691483960295256e-01
3.727827658079224671e-01
3.731850820408514902e-01
3.735760802276842374e-01
3.739557439863288590e-01
3.743240574195390025e-01
3.746810051147201892e-01
3.750265721437368027e-01
3.753607440627199643e-01
3.756835069118783510e-01
3.759948472153102905e-01
3.762947519808187424e-01
3.765832086997295547e-01
3.768602053467125512e-01
3.771257303796075600e-01
3.773797727392527168e-01
3.776223218493200418e-01
3.778533676161516253e-01
3.780729004286069173e-01
3.782809111579082395e-01
3.784773911574993432e-01
3.786623322629038557e-01
3.788357267915942739e-01
3.789975675428644553e-01
3.791478477977118788e-01
3.792865613187231810e-01
3.794137023499709049e-01
3.795292656169144685e-01
3.796332463263102364e-01
3.797256401661285308e-01
3.798064433054796907e-01
3.798756523945467367e-01
3.799332645645267514e-01
3.799792774275809193e-01
3.800136890767920606e-01
3.800364980861310471e-01
3.800477035104317114e-01
3.800473048853740266e-01
3.800353022274756687e-01
3.800116960340922390e-01
3.799764872834268115e-01
3.799296774345462535e-01
3.798712684274080931e-01
3.798012626828939364e-01
3.797196631028523228e-01
3.796264730701499612e-01
3.795216964487308497e-01
3.794053375836832220e-01
3.792774013013152645e-01
3.791378929092374950e-01
3.789868181964543559e-01
3.788241834334629132e-01
3.786499953723573286e-01
3.784642612469421574e-01
3.782669887728532521e-01
3.780581861476832728e-01
3.778378620511147479e-01
3.776060256450603503e-01
3.773626865738075042e-01
3.771078549641693756e-01
3.768415414256422458e-01
3.765637570505663834e-01
3.762745134142920778e-01
3.759738225753516128e-01
3.756616970756330165e-01
3.753381499405606392e-01
3.750031946792748427e-01
3.746568452848191288e-01
3.742991162343274336e-01
3.739300224892134761e-01
3.735495794953629933e-01
3.731578031833270304e-01
3.727547099685155629e-01
3.723403167513922307e-01
3.719146409176682377e-01
3.714777003384978071e-01
3.710295133706690840e-01
3.705700988567965926e-01
3.700994761255111953e-01
3.696176649916466106e-01
3.691246857564228767e-01
3.686205592076275961e-01
3.681053066197909063e-01
3.675789497543588413e-01
3.670415108598572562e-01
3.664930126720538639e-01
3.659334784141116126e-01
3.653629317967359569e-01
3.647813970183133581e-01
3.641888987650429566e-01
3.635854622110591405e-01
3.629711130185429568e-01
3.623458773378263054e-01
3.617097818074829219e-01
3.610628535544086470e-01
3.604051201938909266e-01
3.597366098296630454e-01
3.590573510539481483e-01
3.583673729474864400e-01
3.576667050795496183e-01
3.569553775079383207e-01
3.562334207789657481e-01
3.555008659274218052e-01
3.547577444765219745e-01
3.540040884378376496e-01
3.532399303112070399e-01
3.524653030846264801e-01
3.516802402341229206e-01
3.508847757236045473e-01
3.500789440046886969e-01
3.492627800165106211e-01
3.484363191855061048e-01
3.475995974251719911e-01
3.467526511358019481e-01
3.458955172041978665e-01
3.450282330033538347e-01
3.441508363921153002e-01
3.432633657148104200e-01
3.423658598008532672e-01
3.414583579643185041e-01
3.405409000034883560e-01
3.396135262003659450e-01
3.386762773201627552e-01
3.377291946107511267e-01
3.367723198020859954e-01
3.358056951055944928e-01
3.348293632135315723e-01
3.338433672983013301e-01
3.328477510117446303e-01
3.318425584843909260e-01
3.308278343246736641e-01
3.298036236181098313e-01
3.287699719264419174e-01
3.277269252867416882e-01
3.266745302104763771e-01
3.256128336825352410e-01
3.245418831602153165e-01
3.234617265721694834e-01
3.223724123173110634e-01
3.212739892636781169e-01
3.201665067472558857e-01
3.190500145707558244e-01
3.179245630023523894e-01
3.167902027743758064e-01
3.156469850819595968e-01
3.144949615816451383e-01
3.133341843899395407e-01
3.121647060818290575e-01
3.109865796892439804e-01
3.097998586994801795e-01
3.086045970535702399e-01
3.074008491446089120e-01
3.061886698160297682e-01
3.049681143598337307e-01
3.037392385147683060e-01
3.025020984644576916e-01
3.012567508354830892e-01
3.000032526954140022e-01
2.987416615507870743e-01
2.974720353450355237e-01
2.961944324563690611e-01
2.949089116955981305e-01
2.936155323039105758e-01
2.923143539505951849e-01
2.910054367307117196e-01
2.896888411627102089e-01
2.883646281859962857e-01
2.870328591584448974e-01
2.856935958538594500e-01
2.843469004593792149e-01
2.829928355728314471e-01
2.816314642000319890e-01
2.802628497520311956e-01
2.788870560423047373e-01
2.775041472838931100e-01
2.761141880864850795e-01
2.747172434534475571e-01
2.733133787788025737e-01
2.719026598441479092e-01
2.704851528155255425e-01
2.690609242402349777e-01
2.676300410435930588e-01
2.661925705256392716e-01
2.647485803577870334e-01
2.632981385794216922e-01
2.618413135944445136e-01
2.603781741677622663e-01
2.589087894217253494e-01
2.574332288325091311e-01
2.559515622264462720e-01
2.544638597763031473e-01
2.529701919975038682e-01
2.514706297443033978e-01
2.499652442059067114e-01
2.484541069025368865e-01
2.469372896814518159e-01
2.454148647129079652e-01
2.438869044860756952e-01
2.423534818049006556e-01
2.408146697839190220e-01
2.392705418440184695e-01
2.377211717081523512e-01
2.361666333970047216e-01
2.346070012246055936e-01
2.330423497938986510e-01
2.314727539922617205e-01
2.298982889869793378e-01
2.283190302206682398e-01
2.267350534066593926e-01
2.251464345243300857e-01
2.235532498143957270e-01
2.219555757741533686e-01
2.203534891526840456e-01
2.187470669460108152e-01
2.171363863922139426e-01
2.155215249665058952e-01
2.139025603762625405e-01
2.122795705560168444e-01
2.106526336624100215e-01
2.090218280691059083e-01
2.073872323616655078e-01
2.057489253323846468e-01
2.041069859750948290e-01
2.024614934799276456e-01
2.008125272280445739e-01
1.991601667863326652e-01
1.975044919020654266e-01
1.958455824975319781e-01
1.941835186646352351e-01
1.925183806594567559e-01
1.908502488967933064e-01
1.891792039446647533e-01
1.875053265187915930e-01
1.858286974770472499e-01
1.841493978138828980e-01
1.824675086547272174e-01
1.807831112503613391e-01
1.790962869712705574e-01
1.774071173019743097e-01
1.757156838353326478e-01
1.740220682668343066e-01
1.723263523888644011e-01
1.706286180849534984e-01
1.689289473240091488e-01
1.672274221545320683e-01
1.655241246988157222e-01
1.638191371471323932e-01
1.621125417519061751e-01
1.604044208218729506e-01
1.586948567162302093e-01
1.569839318387773186e-01
1.552717286320449419e-01
1.535583295714186836e-01
1.518438171592561281e-01
1.501282739189964133e-01
1.484117823892675547e-01
1.466944251179888026e-01
1.449762846564729146e-01
1.432574435535242663e-01
1.415379843495402079e-01
1.398179895706120335e-01
1.380975417226281143e-01
1.363767232853813072e-01
1.346556167066807197e-01
1.329343043964694993e-01
1.312128687209485889e-01
1.294913919967096427e-01
1.277699564848770730e-01
1.260486443852590621e-01
1.243275378305123413e-01
1.226067188803175168e-01
1.208862695155691613e-01
1.191662716325809779e-01
1.174468070373054507e-01
1.157279574395735644e-01
1.140098044473497607e-01
1.122924295610074064e-01
1.105759141676259105e-01
1.088603395353075487e-01
1.071457868075181563e-01
1.054323369974518310e-01
1.037200709824190048e-01
1.020090694982625501e-01
1.002994131337998640e-01
9.859118232529220927e-02
9.688445735094544653e-02
9.517931832543918835e-02
9.347584519448856599e-02
9.177411772943658286e-02
9.007421552188163427e-02
8.837621797833841719e-02
8.668020431493544953e-02
8.498625355214636801e-02
8.329444450956158263e-02
8.160485580069695710e-02
7.991756582784140250e-02
7.823265277694507747e-02
7.655019461255005431e-02
7.487026907276042587e-02
7.319295366425856986e-02
7.151832565736299108e-02
6.984646208113207133e-02
6.817743971851400464e-02
6.651133510154164097e-02
6.484822450657642956e-02
6.318818394960043494e-02
6.153128918155612026e-02
5.987761568373772825e-02
5.822723866323181729e-02
5.658023304841022783e-02
5.493667348447558996e-02
5.329663432905737408e-02
5.166018964786528445e-02
5.002741321039366751e-02
4.839837848568245837e-02
4.677315863813419350e-02
4.515182652338600722e-02
4.353445468424035902e-02
4.192111534665127204e-02
4.031188041577049574e-02
3.870682147205162238e-02
3.710600976741396106e-02
3.550951622146503173e-02
3.391741141778520374e-02
3.232976560027162050e-02
3.074664866954579523e-02
2.916813017941877195e-02
2.759427933342267769e-02
2.602516498140322598e-02
2.446085561617544757e-02
2.290141937024259278e-02
2.134692401257920480e-02
1.979743694547769772e-02
1.825302520146065977e-02
1.671375544025621718e-02
1.517969394584017806e-02
1.365090662354173645e-02
1.212745899721590082e-02
1.060941620648137018e-02
9.096843004023968948e-03
7.589803752966084449e-03
6.088362424303495057e-03
4.592582594406979801e-03
3.102527442590874429e-03
1.618259748749850679e-03
1.398418910590337738e-04
-1.332664156255880528e-03
-2.799196825084171447e-03
-4.259694955527693061e-03
-5.714097797932415901e-03
-7.162345014852911085e-03
-8.604376682950831690e-03
-1.004013329482561501e-02
-1.146955576078118044e-02
-1.289258541052384910e-02
-1.430916399479548184e-02
-1.571923368694089218e-02
-1.712273708440836817e-02
-1.851961721018552387e-02
-1.990981751416981416e-02
-2.129328187447393494e-02
-2.266995459866549822e-02
-2.403978042494347989e-02
-2.540270452324966399e-02
-2.675867249631702638e-02
-2.810763038065267061e-02
-2.944952464746020127e-02
-3.078430220349720470e-02
-3.211191039187122342e-02
-3.343229699277383560e-02
-3.474541022415250646e-02
-3.605119874232259880e-02
-3.734961164251704435e-02
-3.864059845937811710e-02
-3.992410916738703408e-02
-4.120009418123699030e-02
-4.246850435614563102e-02
-4.372929098811145776e-02
-4.498240581411078187e-02
-4.622780101223994409e-02
-4.746542920180013558e-02
-4.869524344332659682e-02
-4.991719723856358204e-02
-5.113124453038553341e-02
-5.233733970266263302e-02
-5.353543758007650588e-02
-5.472549342788035620e-02
-5.590746295161175272e-02
-5.708130229674979184e-02
-5.824696804832707464e-02
-5.940441723049000311e-02
-6.055360730600989339e-02
-6.169449617574912503e-02
-6.282704217807805191e-02
-6.395120408824717106e-02
-6.506694111771360589e-02
-6.617421291342323597e-02
-6.727297955705030530e-02
-6.836320156419251060e-02
-6.944483988352584403e-02
-7.051785589591819114e-02
-7.158221141350229466e-02
-7.263786867871052655e-02
-7.368479036327074683e-02
-7.472293956716552499e-02
-7.575227981755372486e-02
-7.677277506765817217e-02
-7.778438969561835004e-02
-7.878708850330878866e-02
-7.978083671512548047e-02
-8.076559997674087610e-02
-8.174134435382784947e-02
-8.270803633075390904e-02
-8.366564280924682073e-02
-8.461413110703253082e-02
-8.555346895644627692e-02
-8.648362450301777526e-02
-8.740456630403187210e-02
-8.831626332706593585e-02
-8.921868494850293541e-02
-9.011180095202414586e-02
-9.099558152708081549e-02
-9.186999726734601524e-02
-9.273501916914766996e-02
-9.359061862988332647e-02
-9.443676744641976706e-02
-9.527343781347519247e-02
-9.610060232198835983e-02
-9.691823395747234393e-02
-9.772630609835653015e-02
-9.852479251431794927e-02
-9.931366736460039979e-02
-1.000929051963244110e-01
-1.008624809427887126e-01
-1.016223699217653764e-01
-1.023725478337854100e-01
-1.031129907604221851e-01
-1.038436751625669840e-01
-1.045645778787045455e-01
-1.052756761231821714e-01
-1.059769474844806658e-01
-1.066683699234818317e-01
-1.073499217717379661e-01
-1.080215817297424663e-01
-1.086833288652024887e-01
-1.093351426113144398e-01
-1.099770027650434634e-01
-1.106088894854101445e-01
-1.112307832917803774e-01
-1.118426650621635043e-01
-1.124445160315192260e-01
-1.130363177900716720e-01
-1.136180522816344074e-01
-1.141897018019453203e-01
-1.147512489970133331e-01
-1.153026768614778819e-01
-1.158439687369803295e-01
-1.163751083105510342e-01
-1.168960796130109059e-01
-1.174068670173871176e-01
-1.179074552373485241e-01
-1.183978293256551795e-01
-1.188779746726293385e-01
-1.193478770046416670e-01
-1.198075223826209346e-01
-1.202568972005823578e-01
-1.206959881841770943e-01
-1.211247823892641073e-01
-1.215432672005052339e-01
-1.219514303299837343e-01
-1.223492598158456568e-01
-1.227367440209676808e-01
-1.231138716316499404e-01
-1.234806316563346607e-01
-1.238370134243526044e-01
-1.241830065846943887e-01
-1.245186011048146635e-01
-1.248437872694596606e-01
-1.251585556795276055e-01
-1.254628972509575502e-01
-1.257568032136485714e-01
-1.260402651104098881e-01
-1.263132747959434532e-01
-1.265758244358566875e-01
-1.268279065057095756e-01
-1.270695137900914595e-01
-1.273006393817365800e-01
-1.275212766806674280e-01
-1.277314193933763997e-01
-1.279310615320391475e-01
-1.281201974137668453e-01
-1.282988216598890396e-01
-1.284669291952750259e-01
-1.286245152476918618e-01
-1.287715753471959657e-01
-1.289081053255646259e-01
-1.290341013157603745e-01
-1.291495597514373261e-01
-1.292544773664809910e-01
-1.293488511945876662e-01
-1.294326785688809101e-01
-1.295059571215670391e-01
-1.295686847836270417e-01
-1.296208597845482924e-01
-1.296624806520950135e-01
-1.296935462121154847e-01
-1.297140555883896651e-01
-1.297240082025151731e-01
-1.297234037738301815e-01
-1.297122423193803331e-01
-1.296905241539162423e-01
-1.296582498899386260e-01
-1.296154204377761854e-01
-1.295620370057050663e-01
-1.294981011001045679e-01
-1.294236145256565385e-01
-1.293385793855772459e-01
-1.292429980818907143e-01
-1.291368733157420290e-01
-1.290202080877448920e-01
-1.288930056983704220e-01
-1.287552697483718145e-01
-1.286070041392481933e-01
-1.284482130737435446e-01
-1.282789010563861742e-01
-1.280990728940614165e-01
-1.279087336966239774e-01
-1.277078888775444732e-01
-1.274965441545919398e-01
-1.272747055505543123e-01
-1.270423793939922663e-01
-1.267995723200269764e-01
-1.265462912711657895e-01
-1.262825434981592609e-01
-1.260083365608914985e-01
-1.257236783293071425e-01
-1.254285769843679343e-01
-1.251230410190418696e-01
-1.248070792393272677e-01
-1.244807007653037090e-01
-1.241439150322175555e-01
-1.237967317915961152e-01
-1.234391611123915600e-01
-1.230712133821548204e-01
-1.226928993082366248e-01
-1.223042299190179039e-01
-1.219052165651673403e-01
-1.214958709209252308e-01
-1.210762049854137712e-01
-1.206462310839727659e-01
-1.202059618695198173e-01
-1.197554103239349965e-01
-1.192945897594691052e-01
-1.188235138201739760e-01
-1.183421964833547002e-01
-1.178506520610442254e-01
-1.173488952014969389e-01
-1.168369408907026230e-01
-1.163148044539196180e-01
-1.157825015572255811e-01
-1.152400482090856215e-01
-1.146874607619376985e-01
-1.141247559137918421e-01
-1.135519507098469161e-01
-1.129690625441186480e-01
-1.123761091610825380e-01
-1.117731086573295340e-01
-1.111600794832300343e-01
-1.105370404446124333e-01
-1.099040107044476633e-01
-1.092610097845459483e-01
-1.086080575672578319e-01
-1.079451742971845318e-01
-1.072723805828936783e-01
-1.065896973986392715e-01
-1.058971460860864688e-01
-1.051947483560393137e-01
-1.044825262901706298e-01
-1.037605023427528028e-01
-1.030286993423895070e-01
-1.022871404937458206e-01
-1.015358493792767880e-01
-1.007748499609540938e-01
-1.000041665819880188e-01
-9.922382396854484421e-02
-9.843384723145914839e-02
-9.763426186793905392e-02
-9.682509376326348116e-02
-9.600636919247101941e-02
-9.517811482203880624e-02
-9.434035771155169225e-02
-9.349312531535786119e-02
-9.263644548421329228e-02
-9.177034646691129005e-02
-9.089485691189841399e-02
-9.001000586887381028e-02
-8.911582279037122412e-02
-8.821233753332485827e-02
-8.729958036061441495e-02
-8.637758194259193001e-02
-8.544637335858668026e-02
-8.450598609838894104e-02
-8.355645206370948541e-02
-8.259780356961776704e-02
-8.163007334595240305e-02
-8.065329453870750953e-02
-7.966750071139211409e-02
-7.867272584636048061e-02
-7.766900434611506698e-02
-7.665637103457867418e-02
-7.563486115833650825e-02
-7.460451038784565725e-02
-7.356535481861331549e-02
-7.251743097233875890e-02
-7.146077579802390112e-02
-7.039542667304576895e-02
-6.932142140419450538e-02
-6.823879822867140454e-02
-6.714759581505164165e-02
-6.604785326420492542e-02
-6.493961011017890250e-02
-6.382290632103898576e-02
-6.269778229966749272e-02
-6.156427888452042918e-02
-6.042243735033975272e-02
-5.927229940882167147e-02
-5.811390720923959030e-02
-5.694730333902159325e-02
-5.577253082427885422e-02
-5.458963313028963871e-02
-5.339865416193162462e-02
-5.219963826406676111e-02
-5.099263022187661143e-02
-4.977767526114418306e-02
-4.855481904848796271e-02
-4.732410769154016261e-02
-4.608558773907506234e-02
-4.483930618108084021e-02
-4.358531044878038996e-02
-4.232364841459390625e-02
-4.105436839204790189e-02
-3.977751913562782571e-02
-3.849314984057256028e-02
-3.720131014261379709e-02
-3.590205011765401633e-02
-3.459542028138989922e-02
-3.328147158887323487e-02
-3.196025543401376234e-02
-3.063182364902244936e-02
-2.929622850379159926e-02
-2.795352270521733740e-02
-2.660375939645737153e-02
-2.524699215612857817e-02
-2.388327499744147264e-02
-2.251266236727217374e-02
-2.113520914517036386e-02
-1.975097064230507682e-02
-1.836000260034448273e-02
-1.696236119027422218e-02
-1.555810301114773919e-02
-1.414728508877560742e-02
-1.272996487434591151e-02
-1.130620024298245596e-02
-9.876049492235250415e-03
-8.439571340506213382e-03
-6.996824925409372842e-03
-5.547869802063176703e-03
-4.092765941318243783e-03
-2.631573727918279371e-03
-1.164353958593877802e-03
3.088321599095666947e-04
1.787923012870729078e-03
3.272856579697891455e-03
4.763570436102149142e-03
6.260001756335009659e-03
7.762087315494881068e-03
9.269763491899396524e-03
1.078296626952396364e-02
1.230163124050720480e-02
1.382569360772206712e-02
1.535508818741454506e-02
1.688974941190690693e-02
1.842961133236775684e-02
1.997460762164721126e-02
2.152467157717835589e-02
2.307973612394298435e-02
2.463973381750378389e-02
2.620459684709769421e-02
2.777425703879932151e-02
2.934864585874435994e-02
3.092769441641607386e-02
3.251133346799950363e-02
3.409949341979395809e-02
3.569210433169084373e-02
3.728909592071366630e-02
3.889039756461798447e-02
4.049593830555459073e-02
4.210564685379253325e-02
4.371945159150239513e-02
4.533728057659969224e-02
4.695906154664725163e-02
4.858472192281701463e-02
5.021418881390823930e-02
5.184738902042540509e-02
5.348424903871110136e-02
5.512469506513609230e-02
5.676865300034591999e-02
5.841604845355979903e-02
6.006680674692668753e-02
6.172085291993287259e-02
6.337811173386373453e-02
6.503850767631649821e-02
6.670196496576505374e-02
6.836840755617548671e-02
7.003775914166998628e-02
7.170994316124243428e-02
7.338488280351884718e-02
7.506250101156816679e-02
7.674272048775776511e-02
7.842546369865449618e-02
8.011065287997162776e-02
8.179821004155896080e-02
8.348805697243646962e-02
8.518011524586777128e-02
8.687430622447897544e-02
8.857055106541275591e-02
9.026877072552558223e-02
9.196888596662147752e-02
9.367081736072227494e-02
9.537448529537648212e-02
9.707980997900103604e-02
9.878671144625886247e-02
1.004951095634690483e-01
1.022049240340495158e-01
1.039160744039905326e-01
1.056284800673585877e-01
1.073420602718296590e-01
1.090567341242499044e-01
1.107724205962233588e-01
1.124890385297262763e-01
1.142065066427456199e-01
1.159247435349402000e-01
1.176436676933273751e-01
1.193631974979874333e-01
1.210832512277916495e-01
1.228037470661477448e-01
1.245246031067639980e-01
1.262457373594298438e-01
1.279670677558140124e-01
1.296885121552747988e-01
1.314099883506863742e-01
1.331314140742770324e-01
1.348527070034766795e-01
1.365737847667781724e-01
1.382945649496046814e-01
1.400149651001860451e-01
1.417349027354429247e-01
1.434542953468745941e-01
1.451730604064527252e-01
1.468911153725183383e-01
1.486083776956801661e-01
1.503247648247157120e-01
1.520401942124699202e-01
1.537545833217555946e-01
1.554678496312484337e-01
1.571799106413811209e-01
1.588906838802321697e-01
1.606000869094074135e-01
1.623080373299178869e-01
1.640144527880473546e-01
1.657192509812118464e-01
1.674223496638075070e-01
1.691236666530513133e-01
1.708231198348051094e-01
1.725206271693882076e-01
1.742161066973763051e-01
1.759094765453834974e-01
1.776006549318290828e-01
1.792895601726855470e-01
1.809761106872090630e-01
1.826602250036502006e-01
1.843418217649432089e-01
1.860208197343745928e-01
1.876971378012289582e-01
1.893706949864106537e-01
1.910414104480418762e-01
1.927092034870337978e-01
1.943739935526322682e-01
1.960357002479366506e-01
1.976942433353880979e-01
1.993495427422312671e-01
2.010015185659440595e-01
2.026500910796364407e-01
2.042951807374184525e-01
2.059367081797346677e-01
2.075745942386641452e-01
2.092087599431881606e-01
2.108391265244203838e-01
2.124656154208027781e-01
2.140881482832625582e-01
2.157066469803345654e-01
2.173210336032414813e-01
2.189312304709384038e-01
2.205371601351154287e-01
2.221387453851604299e-01
2.237359092530798454e-01
2.253285750183793845e-01
2.269166662128990763e-01
2.285001066256092395e-01
2.300788203073577676e-01
2.316527315755775585e-01
2.332217650189452873e-01
2.347858455019964929e-01
2.363448981696948947e-01
2.378988484519530822e-01
2.394476220681068246e-01
2.409911450313433345e-01
2.425293436530788771e-01
2.440621445472883067e-01
2.455894746347869195e-01
2.471112611474611809e-01
2.486274316324500189e-01
2.501379139562761034e-01
2.516426363089255824e-01
2.531415272078785250e-01
2.546345155020851014e-01
2.561215303758934692e-01
2.576025013529225638e-01
2.590773582998852076e-01
2.605460314303560398e-01
2.620084513084901534e-01
2.634645488526842771e-01
2.649142553391897748e-01
2.663575024056681895e-01
2.677942220546946639e-01
2.692243466572094568e-01
2.706478089559126166e-01
2.720645420686066407e-01
2.734744794914857335e-01
2.748775551023684982e-01
2.762737031638793361e-01
2.776628583265741135e-01
2.790449556320122593e-01
2.804199305157744071e-01
2.817877188104261910e-01
2.831482567484279733e-01
2.845014809649906162e-01
2.858473285008767961e-01
2.871857368051499715e-01
2.885166437378675619e-01
2.898399875727219466e-01
2.911557069996285607e-01
2.924637411272582588e-01
2.937640294855202172e-01
2.950565120279881048e-01
2.963411291342769038e-01
2.976178216123653297e-01
2.988865307008662375e-01
3.001471980712466792e-01
3.013997658299936155e-01
3.026441765207312229e-01
3.038803731262849639e-01
3.051082990706960318e-01
3.063278982211850021e-01
3.075391148900664673e-01
3.087418938366119359e-01
3.099361802688662682e-01
3.111219198454113766e-01
3.122990586770871269e-01
3.134675433286586155e-01
3.146273208204391492e-01
3.157783386298649297e-01
3.169205446930232206e-01
3.180538874061348276e-01
3.191783156269902832e-01
3.202937786763406236e-01
3.214002263392449210e-01
3.224976088663715212e-01
3.235858769752573139e-01
3.246649818515229824e-01
3.257348751500467876e-01
3.267955089960943305e-01
3.278468359864098458e-01
3.288888091902635313e-01
3.299213821504612398e-01
3.309445088843123717e-01
3.319581438845611299e-01
3.329622421202773630e-01
3.339567590377093276e-01
3.349416505611018668e-01
3.359168730934757319e-01
3.368823835173714309e-01
3.378381391955584401e-01
3.387840979717092749e-01
3.397202181710403668e-01
3.406464586009188555e-01
3.415627785514366854e-01
3.424691377959540595e-01
3.433654965916106416e-01
3.442518156798053397e-01
3.451280562866492208e-01
3.459941801233853975e-01
3.468501493867836016e-01
3.476959267595048919e-01
3.485314754104409385e-01
3.493567589950252184e-01
3.501717416555193974e-01
3.509763880212755649e-01
3.517706632089721563e-01
3.525545328228279485e-01
3.533279629547924072e-01
3.540909201847143306e-01
3.548433715804887312e-01
3.555852846981819027e-01
3.563166275821385010e-01
3.570373687650679195e-01
3.577474772681114024e-01
3.584469226008931142e-01
3.591356747615509493e-01
3.598137042367538507e-01
3.604809820017010891e-01
3.611374795201066634e-01
3.617831687441699362e-01
3.624180221145307801e-01
3.630420125602132342e-01
3.636551134985547273e-01
3.642572988351247543e-01
3.648485429636326161e-01
3.654288207658215049e-01
3.659981076113563159e-01
3.665563793577001350e-01
3.671036123499820669e-01
3.676397834208563475e-01
3.681648698903561279e-01
3.686788495657371545e-01
3.691817007413175089e-01
3.696734021983109630e-01
3.701539332046542841e-01
3.706232735148311530e-01
3.710814033696906433e-01
3.715283034962637565e-01
3.719639551075760164e-01
3.723883399024566776e-01
3.728014400653488769e-01
3.732032382661149561e-01
3.735937176598428389e-01
3.739728618866522969e-01
3.743406550714996062e-01
3.746970818239837020e-01
3.750421272381542215e-01
3.753757768923183802e-01
3.756980168488521787e-01
3.760088336540135523e-01
3.763082143377552979e-01
3.765961464135459957e-01
3.768726178781898750e-01
3.771376172116526759e-01
3.773911333768917853e-01
3.776331558196894811e-01
3.778636744684926718e-01
3.780826797342570211e-01
3.782901625102954024e-01
3.784861141721347355e-01
3.786705265773762097e-01
3.788433920655638887e-01
3.790047034580574237e-01
3.791544540579146472e-01
3.792926376497778862e-01
3.794192484997708226e-01
3.795342813553990724e-01
3.796377314454619789e-01
3.797295944799686795e-01
3.798098666500656639e-01
3.798785446279684952e-01
3.799356255669051330e-01
3.799811071010649188e-01
3.800149873455572203e-01
3.800372648963784572e-01
3.800479388303867889e-01
3.800470087052856272e-01
3.800344745596166973e-01
3.800103369127592057e-01
3.799745967649407752e-01
3.799272555972539323e-01
3.798683153716823080e-01
3.797977785311366095e-01
3.797156479994962530e-01
3.796219271816609342e-01
3.795166199636110793e-01
3.793997307124739038e-01
3.792712642766011832e-01
3.791312259856501887e-01
3.789796216506773341e-01
3.788164575642352094e-01
3.786417405004791625e-01
3.784554777152805416e-01
3.782576769463471544e-01
3.780483464133496674e-01
3.778274948180550541e-01
3.775951313444665391e-01
3.773512656589695924e-01
3.770959079104819756e-01
3.768290687306121711e-01
3.765507592338190879e-01
3.762609910175812034e-01
3.759597761625655954e-01
3.756471272328038569e-01
3.753230572758711192e-01
3.749875798230687951e-01
3.746407088896082094e-01
3.742824589748003916e-01
3.739128450622455357e-01
3.735318826200236808e-01
3.731395876008895551e-01
3.727359764424658106e-01
3.723210660674373118e-01
3.718948738837460355e-01
3.714574177847844716e-01
3.710087161495894126e-01
3.705487878430320237e-01
3.700776522160086346e-01
3.695953291056265910e-01
3.691018388353880519e-01
3.685972022153707339e-01
3.680814405424039371e-01
3.675545756002387421e-01
3.670166296597151545e-01
3.664676254789215326e-01
3.659075863033481868e-01
3.653365358660345952e-01
3.647544983877077929e-01
3.641614985769133783e-01
3.635575616301363056e-01
3.629427132319150151e-01
3.623169795549420202e-01
3.616803872601554448e-01
3.610329634968199031e-01
3.603747359025933350e-01
3.597057326035830171e-01
3.590259822143865298e-01
3.583355138381201233e-01
3.576343570664311522e-01
3.569225419794967991e-01
3.562000991460037569e-01
3.554670596231150337e-01
3.547234549564158290e-01
3.539693171798432014e-01
3.532046788155969175e-01
3.524295728740295397e-01
3.516440328535177517e-01
3.508480927403118121e-01
3.500417870083635252e-01
3.492251506191321742e-01
3.483982190213679164e-01
3.475610281508703103e-01
3.467136144302227496e-01
3.458560147685029174e-01
3.449882665609664278e-01
3.441104076887029350e-01
3.432224765182678716e-01
3.423245119012834903e-01
3.414165531740131487e-01
3.404986401569045640e-01
3.395708131541056995e-01
3.386331129529466799e-01
3.376855808233937828e-01
3.367282585174680709e-01
3.357611882686342142e-01
3.347844127911545065e-01
3.337979752794081878e-01
3.328019194071784592e-01
3.317962893269008617e-01
3.307811296688789038e-01
3.297564855404613304e-01
3.287224025251815895e-01
3.276789266818608271e-01
3.266261045436720245e-01
3.255639831171641685e-01
3.244926098812472848e-01
3.234120327861371713e-01
3.223223002522600522e-01
3.212234611691129338e-01
3.201155648940853249e-01
3.189986612512364372e-01
3.178728005300292536e-01
3.167380334840210199e-01
3.155944113295101050e-01
3.144419857441372868e-01
3.132808088654425172e-01
3.121109332893746702e-01
3.109324120687562143e-01
3.097452987117012002e-01
3.085496471799851204e-01
3.073455118873669178e-01
3.061329476978653097e-01
3.049120099239835402e-01
3.036827543248867278e-01
3.024452371045298071e-01
3.011995149097365654e-01
2.999456448282263321e-01
2.986836843865925961e-01
2.974136915482295529e-01
2.961357247112081925e-01
2.948498427061013727e-01
2.935561047937549350e-01
2.922545706630101381e-01
2.909453004283720223e-01
2.896283546276248733e-01
2.883037942193961700e-01
2.869716805806676874e-01
2.856320755042313642e-01
2.842850411960951562e-01
2.829306402728335446e-01
2.815689357588832542e-01
2.801999910837884578e-01
2.788238700793893576e-01
2.774406369769575331e-01
2.760503564042790514e-01
2.746530933826805132e-01
2.732489133240032508e-01
2.718378820275225149e-01
2.704200656768133704e-01
2.689955308365603037e-01
2.675643444493160938e-01
2.661265738322035057e-01
2.646822866735650259e-01
2.632315510295577532e-01
2.617744353206949426e-01
2.603110083283339260e-01
2.588413391911098538e-01
