-2.193398003386513029e-01
-2.205509708048952744e-01
-2.217582819454368970e-01
-2.229616782244757678e-01
-2.241611045446900707e-01
-2.253565062508277039e-01
-2.265478291332042593e-01
-2.277350194311147380e-01
-2.289180238361469000e-01
-2.300967894954045745e-01
-2.312712640146370457e-01
-2.324413954612728483e-01
-2.336071323673611921e-01
-2.347684237324140222e-01
-2.359252190261570403e-01
-2.370774681911794746e-01
-2.382251216454905896e-01
-2.393681302849776094e-01
-2.405064454857652745e-01
-2.416400191064783654e-01
-2.427688034904054160e-01
-2.438927514675630626e-01
-2.450118163566620266e-01
-2.461259519669733997e-01
-2.472351126000958965e-01
-2.483392530516210783e-01
-2.494383286127020982e-01
-2.505322950715183072e-01
-2.516211087146419390e-01
-2.527047263283038747e-01
-2.537831051995577125e-01
-2.548562031173436937e-01
-2.559239783734530427e-01
-2.569863897633889449e-01
-2.580433965871283819e-01
-2.590949586497840462e-01
-2.601410362621628947e-01
-2.611815902412261137e-01
-2.622165819104487205e-01
-2.632459731000770242e-01
-2.642697261472870540e-01
-2.652878038962428464e-01
-2.663001696980552557e-01
-2.673067874106398456e-01
-2.683076213984768588e-01
-2.693026365322717108e-01
-2.702917981885160081e-01
-2.712750722489513100e-01
-2.722524250999347473e-01
-2.732238236317058311e-01
-2.741892352375581154e-01
-2.751486278129119389e-01
-2.761019697542926865e-01
-2.770492299582121287e-01
-2.779903778199553921e-01
-2.789253832322727833e-01
-2.798542165839772444e-01
-2.807768487584492156e-01
-2.816932511320470178e-01
-2.826033955724275293e-01
-2.835072544367729375e-01
-2.844048005699270076e-01
-2.852960073024427556e-01
-2.861808484485397486e-01
-2.870592983039708113e-01
-2.879313316438051329e-01
-2.887969237201210015e-01
-2.896560502596129405e-01
-2.905086874611143566e-01
-2.913548119930353675e-01
-2.921944009907169182e-01
-2.930274320537015198e-01
-2.938538832429252734e-01
-2.946737330778237407e-01
-2.954869605333648730e-01
-2.962935450369967860e-01
-2.970934664655222601e-01
-2.978867051418946366e-01
-2.986732418319384408e-01
-2.994530577409958427e-01
-3.002261345104989543e-01
-3.009924542144707393e-01
-3.017519993559536484e-01
-3.025047528633698635e-01
-3.032506980868112656e-01
-3.039898187942622343e-01
-3.047220991677560553e-01
-3.054475237994663805e-01
-3.061660776877347390e-01
-3.068777462330338768e-01
-3.075825152338725887e-01
-3.082803708826374889e-01
-3.089712997613772716e-01
-3.096552888375295742e-01
-3.103323254595916625e-01
-3.110023973527348273e-01
-3.116654926143670457e-01
-3.123215997096427943e-01
-3.129707074669227929e-01
-3.136128050731817885e-01
-3.142478820693715980e-01
-3.148759283457361891e-01
-3.154969341370809088e-01
-3.161108900179997461e-01
-3.167177868980576294e-01
-3.173176160169352000e-01
-3.179103689395313959e-01
-3.184960375510300645e-01
-3.190746140519288288e-01
-3.196460909530336458e-01
-3.202104610704198384e-01
-3.207677175203611508e-01
-3.213178537142283853e-01
-3.218608633533589503e-01
-3.223967404238994305e-01
-3.229254791916209566e-01
-3.234470741967120366e-01
-3.239615202485478518e-01
-3.244688124204366808e-01
-3.249689460443492273e-01
-3.254619167056279627e-01
-3.259477202376789284e-01
-3.264263527166514356e-01
-3.268978104561017783e-01
-3.273620900016438462e-01
-3.278191881255935192e-01
-3.282691018215978529e-01
-3.287118282992637086e-01
-3.291473649787751699e-01
-3.295757094855087388e-01
-3.299968596446457569e-01
-3.304108134757831605e-01
-3.308175691875457902e-01
-3.312171251721975906e-01
-3.316094800002595822e-01
-3.319946324151311634e-01
-3.323725813277165209e-01
-3.327433258110624736e-01
-3.331068650950016474e-01
-3.334631985608107474e-01
-3.338123257358770468e-01
-3.341542462883840825e-01
-3.344889600220070092e-01
-3.348164668706297142e-01
-3.351367668930776977e-01
-3.354498602678733787e-01
-3.357557472880091654e-01
-3.360544283557473921e-01
-3.363459039774425730e-01
-3.366301747583885229e-01
-3.369072413976962332e-01
-3.371771046831957275e-01
-3.374397654863731111e-01
-3.376952247573344890e-01
-3.379434835198059650e-01
-3.381845428661672814e-01
-3.384184039525196530e-01
-3.386450679937925701e-01
-3.388645362588890153e-01
-3.390768100658682060e-01
-3.392818907771720793e-01
-3.394797797948936324e-01
-3.396704785560872297e-01
-3.398539885281259831e-01
-3.400303112041054288e-01
-3.401994480982929447e-01
-3.403614007416281284e-01
-3.405161706772720231e-01
-3.406637594562080817e-01
-3.408041686328956432e-01
-3.409373997609775886e-01
-3.410634543890415094e-01
-3.411823340564384965e-01
-3.412940402891594394e-01
-3.413985745957673901e-01
-3.414959384633916573e-01
-3.415861333537820732e-01
-3.416691606994238795e-01
-3.417450218997165612e-01
-3.418137183172161864e-01
-3.418752512739424709e-01
-3.419296220477510140e-01
-3.419768318687740338e-01
-3.420168819159273843e-01
-3.420497733134871821e-01
-3.420755071277356008e-01
-3.420940843636787188e-01
-3.421055059618335337e-01
-3.421097727950902501e-01
-3.421068856656453994e-01
-3.420968453020106770e-01
-3.420796523560969415e-01
-3.420553074003729321e-01
-3.420238109251002578e-01
-3.419851633356489895e-01
-3.419393649498863041e-01
-3.418864159956490623e-01
-3.418263166082921023e-01
-3.417590668283192468e-01
-3.416846665990936893e-01
-3.416031157646313154e-01
-3.415144140674741813e-01
-3.414185611466494796e-01
-3.413155565357102184e-01
-3.412053996608591655e-01
-3.410880898391598359e-01
-3.409636262768285242e-01
-3.408320080676169317e-01
-3.406932341912752849e-01
-3.405473035121073799e-01
-3.403942147776068960e-01
-3.402339666171855237e-01
-3.400665575409864694e-01
-3.398919859387860010e-01
-3.397102500789840329e-01
-3.395213481076829742e-01
-3.393252780478560604e-01
-3.391220377986038370e-01
-3.389116251345001274e-01
-3.386940377050301487e-01
-3.384692730341148925e-01
-3.382373285197278756e-01
-3.379982014336014862e-01
-3.377518889210239239e-01
-3.374983880007266235e-01
-3.372376955648612729e-01
-3.369698083790683141e-01
-3.366947230826378146e-01
-3.364124361887560477e-01
-3.361229440848485517e-01
-3.358262430330105630e-01
-3.355223291705272670e-01
-3.352111985104880842e-01
-3.348928469424875543e-01
-3.345672702334199222e-01
-3.342344640283599899e-01
-3.338944238515383356e-01
-3.335471451074022431e-01
-3.331926230817704448e-01
-3.328308529430717977e-01
-3.324618297436793268e-01
-3.320855484213270925e-01
-3.317020038006208704e-01
-3.313111905946323210e-01
-3.309131034065845300e-01
-3.305077367316225923e-01
-3.300950849586734570e-01
-3.296751423723901508e-01
-3.292479031551831525e-01
-3.288133613893385876e-01
-3.283715110592192454e-01
-3.279223460535534151e-01
-3.274658601678043235e-01
-3.270020471066262813e-01
-3.265309004864020981e-01
-3.260524138378640968e-01
-3.255665806087960634e-01
-3.250733941668163540e-01
-3.245728478022428254e-01
-3.240649347310360362e-01
-3.235496480978224954e-01
-3.230269809789955149e-01
-3.224969263858959989e-01
-3.219594772680663963e-01
-3.214146265165837013e-01
-3.208623669674675050e-01
-3.203026914051603224e-01
-3.197355925660848586e-01
-3.191610631422704403e-01
-3.185790957850539451e-01
-3.179896831088516729e-01
-3.173928176949973867e-01
-3.167884920956561823e-01
-3.161766988377994192e-01
-3.155574304272510400e-01
-3.149306793527993920e-01
-3.142964380903719990e-01
-3.136546991072769464e-01
-3.130054548665058833e-01
-3.123486978310984208e-01
-3.116844204685683684e-01
-3.110126152553890355e-01
-3.103332746815367083e-01
-3.096463912550920794e-01
-3.089519575068976343e-01
-3.082499659952694371e-01
-3.075404093107635406e-01
-3.068232800809947980e-01
-3.060985709755057460e-01
-3.053662747106872244e-01
-3.046263840547464019e-01
-3.038788918327240962e-01
-3.031237909315557255e-01
-3.023610743051796668e-01
-3.015907349796859149e-01
-3.008127660585125929e-01
-3.000271607276757679e-01
-2.992339122610453428e-01
-2.984330140256555852e-01
-2.976244594870527393e-01
-2.968082422146790522e-01
-2.959843558872893299e-01
-2.951527942984004671e-01
-2.943135513617728405e-01
-2.934666211169196792e-01
-2.926119977346449685e-01
-2.917496755226086647e-01
-2.908796489309166677e-01
-2.900019125577334433e-01
-2.891164611549179586e-01
-2.882232896336797134e-01
-2.873223930702538675e-01
-2.864137667115930208e-01
-2.854974059810767573e-01
-2.845733064842340676e-01
-2.836414640144785393e-01
-2.827018745588567583e-01
-2.817545343038030392e-01
-2.807994396409059235e-01
-2.798365871726794518e-01
-2.788659737183379894e-01
-2.778875963195772680e-01
-2.769014522463557615e-01
-2.759075390026755059e-01
-2.749058543323624759e-01
-2.738963962248438522e-01
-2.728791629209202929e-01
-2.718541529185315442e-01
-2.708213649785146115e-01
-2.697807981303531610e-01
-2.687324516779131534e-01
-2.676763252051694852e-01
-2.666124185819139791e-01
-2.655407319694512713e-01
-2.644612658262736060e-01
-2.633740209137195309e-01
-2.622789983016089455e-01
-2.611761993738564991e-01
-2.600656258340620086e-01
-2.589472797110735636e-01
-2.578211633645240974e-01
-2.566872794903378718e-01
-2.555456311262079838e-01
-2.543962216570407886e-01
-2.532390548203652392e-01
-2.520741347117102515e-01
-2.509014657899405476e-01
-2.497210528825585252e-01
-2.485329011909619412e-01
-2.473370162956624041e-01
-2.461334041614603452e-01
-2.449220711425739161e-01
-2.437030239877228111e-01
-2.424762698451633502e-01
-2.412418162676742694e-01
-2.399996712174924385e-01
-2.387498430711952890e-01
-2.374923406245285085e-01
-2.362271730971801098e-01
-2.349543501374967702e-01
-2.336738818271418827e-01
-2.323857786856918795e-01
-2.310900516751767109e-01
-2.297867122045504917e-01
-2.284757721341035275e-01
-2.271572437798065058e-01
-2.258311399175886303e-01
-2.244974737875472526e-01
-2.231562590980874505e-01
-2.218075100299915503e-01
-2.204512412404163735e-01
-2.190874678668165432e-01
-2.177162055307927391e-01
-2.163374703418651235e-01
-2.149512789011679414e-01
-2.135576483050672936e-01
-2.121565961486973073e-01
-2.107481405294168164e-01
-2.093323000501831066e-01
-2.079090938228430607e-01
-2.064785414713392608e-01
-2.050406631348318243e-01
-2.035954794707318660e-01
-2.021430116576480307e-01
-2.006832813982457608e-01
-1.992163109220147499e-01
-1.977421229879465780e-01
-1.962607408871211989e-01
-1.947721884451997232e-01
-1.932764900248243878e-01
-1.917736705279239340e-01
-1.902637553979231733e-01
-1.887467706218567409e-01
-1.872227427323858162e-01
-1.856916988097169208e-01
-1.841536664834219073e-01
-1.826086739341581389e-01
-1.810567498952903032e-01
-1.794979236544081980e-01
-1.779322250547472617e-01
-1.763596844965017452e-01
-1.747803329380410720e-01
-1.731942018970162867e-01
-1.716013234513686925e-01
-1.700017302402293540e-01
-1.683954554647162372e-01
-1.667825328886238800e-01
-1.651629968390098124e-01
-1.635368822066713967e-01
-1.619042244465173086e-01
-1.602650595778329912e-01
-1.586194241844368635e-01
-1.569673554147287264e-01
-1.553088909816308094e-01
-1.536440691624206822e-01
-1.519729287984543653e-01
-1.502955092947814153e-01
-1.486118506196504319e-01
-1.469219933039068726e-01
-1.452259784402795129e-01
-1.435238476825587695e-01
-1.418156432446657789e-01
-1.401014078996120071e-01
-1.383811849783488368e-01
-1.366550183685077968e-01
-1.349229525130326568e-01
-1.331850324087011650e-01
-1.314413036045382066e-01
-1.296918122001198270e-01
-1.279366048437685643e-01
-1.261757287306405351e-01
-1.244092316007048282e-01
-1.226371617366123212e-01
-1.208595679614603569e-01
-1.190764996364478412e-01
-1.172880066584237602e-01
-1.154941394573292257e-01
-1.136949489935342728e-01
-1.118904867550664095e-01
-1.100808047547375823e-01
-1.082659555271626717e-01
-1.064459921256767361e-01
-1.046209681191474505e-01
-1.027909375886840726e-01
-1.009559551242443787e-01
-9.911607582114068116e-02
-9.727135527644414914e-02
-9.542184958528820982e-02
-9.356761533707214085e-02
-9.170870961156862844e-02
-8.984518997492929593e-02
-8.797711447559497522e-02
-8.610454164011049905e-02
-8.422753046884168260e-02
-8.234614043159871333e-02
-8.046043146316717021e-02
-7.857046395874311973e-02
-7.667629876927972710e-02
-7.477799719673994261e-02
-7.287562098926214649e-02
-7.096923233623486649e-02
-6.905889386328500912e-02
-6.714466862717871631e-02
-6.522662011063673493e-02
-6.330481221706629746e-02
-6.137930926520807073e-02
-5.945017598370294643e-02
-5.751747750557578698e-02
-5.558127936264178892e-02
-5.364164747983213299e-02
-5.169864816944425012e-02
-4.975234812531492690e-02
-4.780281441691980326e-02
-4.585011448339793017e-02
-4.389431612750682721e-02
-4.193548750950426562e-02
-3.997369714096243865e-02
-3.800901387851352009e-02
-3.604150691752894264e-02
-3.407124578573350604e-02
-3.209830033675598049e-02
-3.012274074361698251e-02
-2.814463749215667665e-02
-2.616406137440285828e-02
-2.418108348188074963e-02
-2.219577519886806183e-02
-2.020820819559254744e-02
-1.821845442137892679e-02
-1.622658609774252358e-02
-1.423267571143338461e-02
-1.223679600743066143e-02
-1.023901998189102880e-02
-8.239420875051584048e-03
-6.238072164086672089e-03
-4.235047555926185758e-03
-2.230420980028902100e-03
-2.242665811187372071e-04
1.783341288115358747e-03
3.792328074358086720e-03
5.802619031040401332e-03
7.814139225742589012e-03
9.826813547630985912e-03
1.184056671492300650e-02
1.385532328238009425e-02
1.587100764882748427e-02
1.788754406469739155e-02
1.990485663959595808e-02
2.192286934989212677e-02
2.394150604632455659e-02
2.596069046162735594e-02
2.798034621817285794e-02
3.000039683562810700e-02
3.202076573862461251e-02
3.404137626443975995e-02
3.606215167068876903e-02
3.808301514302347979e-02
4.010388980283791094e-02
4.212469871498053520e-02
4.414536489546716513e-02
4.616581131919755832e-02
4.818596092767229999e-02
5.020573663670541142e-02
5.222506134413795742e-02
5.424385793754421536e-02
5.626204930193157150e-02
5.827955832743453302e-02
6.029630791699741588e-02
6.231222099404720716e-02
6.432722051015382636e-02
6.634122945267545424e-02
6.835417085239037238e-02
7.036596779110948496e-02
7.237654340927207608e-02
7.438582091352036185e-02
7.639372358425350340e-02
7.840017478315780552e-02
8.040509796071354520e-02
8.240841666367537677e-02
8.441005454252459295e-02
8.640993535889540667e-02
8.840798299296803719e-02
9.040412145083265294e-02
9.239827487181928589e-02
9.439036753579477246e-02
9.638032387042305693e-02
9.836806845838974578e-02
1.003535260445876376e-01
1.023366215432638948e-01
1.043172800451264148e-01
1.062954268244078460e-01
1.082709873458867489e-01
1.102438872718659590e-01
1.122140524691024321e-01
1.141814090156940131e-01
1.161458832079157455e-01
1.181074015670091071e-01
1.200658908459202312e-01
1.220212780359873905e-01
1.239734903735766336e-01
1.259224553466634644e-01
1.278681007013621751e-01
1.298103544483967253e-01
1.317491448695196077e-01
1.336844005238697619e-01
1.356160502542750335e-01
1.375440231934937918e-01
1.394682487703985396e-01
1.413886567160972940e-01
1.433051770699936833e-01
1.452177401857845940e-01
1.471262767373960334e-01
1.490307177248515469e-01
1.509309944800801273e-01
1.528270386726550689e-01
1.547187823154682618e-01
1.566061577703372620e-01
1.584890977535453604e-01
1.603675353413117066e-01
1.622414039751948756e-01
1.641106374674238810e-01
1.659751700061637969e-01
1.678349361607048285e-01
1.696898708865858252e-01
1.715399095306425759e-01
1.733849878359852714e-01
1.752250419469031928e-01
1.770600084136966235e-01
1.788898241974351544e-01
1.807144266746420480e-01
1.825337536419037177e-01
1.843477433204064875e-01
1.861563343603971910e-01
1.879594658455686629e-01
1.897570772973692921e-01
1.915491086792386888e-01
1.933355004007653033e-01
1.951161933217696043e-01
1.968911287563090973e-01
1.986602484766093468e-01
2.004234947169154513e-01
2.021808101772691879e-01
2.039321380272077211e-01
2.056774219093867040e-01
2.074166059431246656e-01
2.091496347278719026e-01
2.108764533466017110e-01
2.125970073691245132e-01
2.143112428553246573e-01
2.160191063583215554e-01
2.177205449275518845e-01
2.194155061117766259e-01
2.211039379620105549e-01
2.227857890343758474e-01
2.244610083928781363e-01
2.261295456121070191e-01
2.277913507798610127e-01
2.294463744996947940e-01
2.310945678933933323e-01
2.327358826033675276e-01
2.343702707949777420e-01
2.359976851587800573e-01
2.376180789126993154e-01
2.392314058041268288e-01
2.408376201119447613e-01
2.424366766484772895e-01
2.440285307613667687e-01
2.456131383353794551e-01
2.471904557941354552e-01
2.487604401017705080e-01
2.503230487645221047e-01
2.518782398322472194e-01
2.534259718998679856e-01
2.549662041087467079e-01
2.564988961479921503e-01
2.580240082556947701e-01
2.595415012200948945e-01
2.610513363806805098e-01
2.625534756292194349e-01
2.640478814107217742e-01
2.655345167243378102e-01
2.670133451241880063e-01
2.684843307201278950e-01
2.699474381784485733e-01
2.714026327225117496e-01
2.728498801333212320e-01
2.742891467500316871e-01
2.757203994703940619e-01
2.771436057511392215e-01
2.785587336083010235e-01
2.799657516174766103e-01
2.813646289140293022e-01
2.827553351932304282e-01
2.841378407103428705e-01
2.855121162806463775e-01
2.868781332794056449e-01
2.882358636417827746e-01
2.895852798626917801e-01
2.909263549965990237e-01
2.922590626572700856e-01
2.935833770174608448e-01
2.948992728085558235e-01
2.962067253201564609e-01
2.975057103996148200e-01
2.987962044515176663e-01
3.000781844371208096e-01
3.013516278737332632e-01
3.026165128340527755e-01
3.038728179454539546e-01
3.051205223892287655e-01
3.063596058997811178e-01
3.075900487637744929e-01
3.088118318192365486e-01
3.100249364546174835e-01
3.112293446078073234e-01
3.124250387651076877e-01
3.136120019601644215e-01
3.147902177728573170e-01
3.159596703281500329e-01
3.171203442948999918e-01
3.182722248846305280e-01
3.194152978502630136e-01
3.205495494848135118e-01
3.216749666200514057e-01
3.227915366251225548e-01
3.238992474051384240e-01
3.249980873997278530e-01
3.260880455815594048e-01
3.271691114548261892e-01
3.282412750537030965e-01
3.293045269407677278e-01
3.303588582053957889e-01
3.314042604621214028e-01
3.324407258489723294e-01
3.334682470257730458e-01
3.344868171724240113e-01
3.354964299871486810e-01
3.364970796847194245e-01
3.374887609946533029e-01
3.384714691593855851e-01
3.394451999324164526e-01
3.404099495764372207e-01
3.413657148614303027e-01
3.423124930627481910e-01
3.432502819591713994e-01
3.441790798309435906e-01
3.450988854577878850e-01
3.460096981169026864e-01
3.469115175809383556e-01
3.478043441159557880e-01
3.486881784793646188e-01
3.495630219178497700e-01
3.504288761652750717e-01
3.512857434405746715e-01
3.521336264456270682e-01
3.529725283631150456e-01
3.538024528543713410e-01
3.546234040572103230e-01
3.554353865837457938e-01
3.562384055181972431e-01
3.570324664146828364e-01
3.578175752950012445e-01
3.585937386464049803e-01
3.593609634193564717e-01
3.601192570252802483e-01
3.608686273343047479e-01
3.616090826729919661e-01
3.623406318220606659e-01
3.630632840141020390e-01
3.637770489312857625e-01
3.644819367030602275e-01
3.651779579038458290e-01
3.658651235507213162e-01
3.665434451011043704e-01
3.672129344504271309e-01
3.678736039298063920e-01
3.685254663037094147e-01
3.691685347676137985e-01
3.698028229456657989e-01
3.704283448883345375e-01
3.710451150700594947e-01
3.716531483869016661e-01
3.722524601541866707e-01
3.728430661041476912e-01
3.734249823835670834e-01
3.739982255514150422e-01
3.745628125764891014e-01
3.751187608350500247e-01
3.756660881084588621e-01
3.762048125808140631e-01
3.767349528365870337e-01
3.772565278582581949e-01
3.777695570239544276e-01
3.782740601050856855e-01
3.787700572639848273e-01
3.792575690515449516e-01
3.797366164048620041e-01
3.802072206448763314e-01
3.806694034740171206e-01
3.811231869738477274e-01
3.815685936027149450e-01
3.820056461933987180e-01
3.824343679507651861e-01
3.828547824494226148e-01
3.832669136313798797e-01
3.836707858037068375e-01
3.840664236362000827e-01
3.844538521590492586e-01
3.848330967605091968e-01
3.852041831845731679e-01
3.855671375286515712e-01
3.859219862412527347e-01
3.862687561196692654e-01
3.866074743076658438e-01
3.869381682931728461e-01
3.872608659059836866e-01
3.875755953154552680e-01
3.878823850282129282e-01
3.881812638858601616e-01
3.884722610626920036e-01
3.887554060634119679e-01
3.890307287208550902e-01
3.892982591937131920e-01
3.895580279642661403e-01
3.898100658361158821e-01
3.900544039319265299e-01
3.902910736911674450e-01
3.905201068678613163e-01
3.907415355283362368e-01
3.909553920489824419e-01
3.911617091140131564e-01
3.913605197132302704e-01
3.915518571397927916e-01
3.917357549879918466e-01
3.919122471510280703e-01
3.920813678187933249e-01
3.922431514756580251e-01
3.923976328982609618e-01
3.925448471533035111e-01
3.926848295953484502e-01
3.928176158646228266e-01
3.929432418848233244e-01
3.930617438609269598e-01
3.931731582770051081e-01
3.932775218940405271e-01
3.933748717477491552e-01
3.934652451464050182e-01
3.935486796686674671e-01
3.936252131614141891e-01
3.936948837375755517e-01
3.937577297739727200e-01
3.938137899091591065e-01
3.938631030412655942e-01
3.939057083258470371e-01
3.939416451737337566e-01
3.939709532488835375e-01
3.939936724662386203e-01
3.940098429895836918e-01
3.940195052294078737e-01
3.940226998407672099e-01
3.940194677211516505e-01
3.940098500083528688e-01
3.939938880783349084e-01
3.939716235431063307e-01
3.939430982485955801e-01
3.939083542725265730e-01
3.938674339222976162e-01
3.938203797328607703e-01
3.937672344646044320e-01
3.937080411012357506e-01
3.936428428476644314e-01
3.935716831278911476e-01
3.934946055828925093e-01
3.934116540685097529e-01
3.933228726533394282e-01
3.932283056166230306e-01
3.931279974461380222e-01
3.930219928360911830e-01
3.929103366850107415e-01
3.927930740936402265e-01
3.926702503628334284e-01
3.925419109914477511e-01
3.924081016742412831e-01
3.922688682997672593e-01
3.921242569482696894e-01
3.919743138895808721e-01
3.918190855810164686e-01
3.916586186652724622e-01
3.914929599683220074e-01
3.913221564973113908e-01
3.911462554384562695e-01
3.909653041549389085e-01
3.907793501848036977e-01
3.905884412388527793e-01
3.903926251985425644e-01
3.901919501138780833e-01
3.899864642013089466e-01
3.897762158416235856e-01
3.895612535778433250e-01
3.893416261131162348e-01
3.891173823086109262e-01
3.888885711814090151e-01
3.886552419023974192e-01
3.884174437941599334e-01
3.881752263288695270e-01
3.879286391261778100e-01
3.876777319511061082e-01
3.874225547119346524e-01
3.871631574580920443e-01
3.868995903780428902e-01
3.866319037971772676e-01
3.863601481756969713e-01
3.860843741065024814e-01
3.858046323130801536e-01
3.855209736473876325e-01
3.852334490877394879e-01
3.849421097366922395e-01
3.846470068189295488e-01
3.843481916791452457e-01
3.840457157799294086e-01
3.837396306996498918e-01
3.834299881303380730e-01
3.831168398755702698e-01
3.828002378483520429e-01
3.824802340690016123e-01
3.821568806630321058e-01
3.818302298590359745e-01
3.815003339865670196e-01
3.811672454740254179e-01
3.808310168465404155e-01
3.804917007238558524e-01
3.801493498182124120e-01
3.798040169322359771e-01
3.794557549568214339e-01
3.791046168690194174e-01
3.787506557299237797e-01
3.783939246825598901e-01
3.780344769497737678e-01
3.776723658321216592e-01
3.773076447057630567e-01
3.769403670203517742e-01
3.765705862969306872e-01
3.761983561258283038e-01
3.758237301645548367e-01
3.754467621357019946e-01
3.750675058248440497e-01
3.746860150784407373e-01
3.743023438017423210e-01
3.739165459566970440e-01
3.735286755598615227e-01
3.731387866803120845e-01
3.727469334375606569e-01
3.723531699994724331e-01
3.719575505801867576e-01
3.715601294380403985e-01
3.711609608734954824e-01
3.707600992270695950e-01
3.703575988772697114e-01
3.699535142385301234e-01
3.695478997591538084e-01
3.691408099192577397e-01
3.687322992287229706e-01
3.683224222251478830e-01
3.679112334718065425e-01
3.674987875556122163e-01
3.670851390850840557e-01
3.666703426883202166e-01
3.662544530109747565e-01
3.658375247142414133e-01
3.654196124728403272e-01
3.650007709730125338e-01
3.645810549105190645e-01
3.641605189886459315e-01
3.637392179162149408e-01
3.633172064056013895e-01
3.628945391707575352e-01
3.624712709252420617e-01
3.620474563802572043e-01
3.616231502426919819e-01
3.611984072131720347e-01
3.607732819841177885e-01
3.603478292378082815e-01
3.599221036444535393e-01
3.594961598602740560e-01
3.590700525255874354e-01
3.586438362629045251e-01
3.582175656750312687e-01
3.577912953431801601e-01
3.573650798250900817e-01
3.569389736531534130e-01
3.565130313325526323e-01
3.560873073394058008e-01
3.556618561189192618e-01
3.552367320835513875e-01
3.548119896111843752e-01
3.543876830433044800e-01
3.539638666831934621e-01
3.535405947941275273e-01
3.531179215975880359e-01
3.526959012714792063e-01
3.522745879483578646e-01
3.518540357136719088e-01
3.514342986040104311e-01
3.510154306053609452e-01
3.505974856513797699e-01
3.501805176216718496e-01
3.497645803400802889e-01
3.493497275729867679e-01
3.489360130276237815e-01
3.485234903503952597e-01
3.481122131252102347e-01
3.477022348718258882e-01
3.472936090442018675e-01
3.468863890288667040e-01
3.464806281432928903e-01
3.460763796342852250e-01
3.456736966763802044e-01
3.452726323702547950e-01
3.448732397411485850e-01
3.444755717372960935e-01
3.440796812283704043e-01
3.436856210039395121e-01
3.432934437719310505e-01
3.429032021571126743e-01
3.425149486995801018e-01
3.421287358532583145e-01
3.417446159844148568e-01
3.413626413701824625e-01
3.409828641970958918e-01
3.406053365596374283e-01
3.402301104587959202e-01
3.398572378006364803e-01
3.394867703948812876e-01
3.391187599535017139e-01
3.387532580893230505e-01
3.383903163146381732e-01
3.380299860398361389e-01
3.376723185720367781e-01
3.373173651137410523e-01
3.369651767614904037e-01
3.366158045045375413e-01
3.362692992235278844e-01
3.359257116891921635e-01
3.355850925610491808e-01
3.352474923861202827e-01
3.349129615976533803e-01
3.345815505138584056e-01
3.342533093366519825e-01
3.339282881504131439e-01
3.336065369207494857e-01
3.332881054932724796e-01
3.329730435923825560e-01
3.326614008200654560e-01
3.323532266546964098e-01
3.320485704498539747e-01
3.317474814331454747e-01
3.314500087050377131e-01
3.311562012377002873e-01
3.308661078738552308e-01
3.305797773256366479e-01
3.302972581734581192e-01
3.300185988648886570e-01
3.297438477135368196e-01
3.294730528979430417e-01
3.292062624604777388e-01
3.289435243062499570e-01
3.286848862020205209e-01
3.284303957751236736e-01
3.281801005123955450e-01
3.279340477591083935e-01
3.276922847179121190e-01
3.274548584477804392e-01
3.272218158629650597e-01
3.269932037319543960e-01
3.267690686764369024e-01
3.265494571702702853e-01
3.263344155384565459e-01
3.261239899561194089e-01
3.259182264474882462e-01
3.257171708848846658e-01
3.255208689877137074e-01
3.253293663214577025e-01
3.251427082966742432e-01
3.249609401679963705e-01
3.247841070331357605e-01
3.246122538318885198e-01
3.244454253451422021e-01
3.242836661938852671e-01
3.241270208382174833e-01
3.239755335763622179e-01
3.238292485436785606e-01
3.236882097116740020e-01
3.235524608870189445e-01
3.234220457105585478e-01
3.232970076563258521e-01
3.231773900305536795e-01
3.230632359706852030e-01
3.229545884443824622e-01
3.228514902485346560e-01
3.227539840082642719e-01
3.226621121759277733e-01
3.225759170301169543e-01
3.224954406746559643e-01
3.224207250375939471e-01
3.223518118701954593e-01
3.222887427459252274e-01
3.222315590594295731e-01
3.221803020255125660e-01
3.221350126781059586e-01
3.220957318692354576e-01
3.220625002679800564e-01
3.220353583594248725e-01
3.220143464436080460e-01
3.219995046344603096e-01
3.219908728587375646e-01
3.219884908549453528e-01
3.219923981722562778e-01
3.220026341694184335e-01
3.220192380136542853e-01
3.220422486795534445e-01
3.220717049479528971e-01
3.221076454048094062e-01
3.221501084400613113e-01
3.221991322464803353e-01
3.222547548185127897e-01
3.223170139511088994e-01
3.223859472385421920e-01
3.224615920732159524e-01
3.225439856444588527e-01
3.226331649373069821e-01
3.227291667312747192e-01
3.228320275991119481e-01
3.229417839055479522e-01
3.230584718060216520e-01
3.231821272453990757e-01
3.233127859566756745e-01
3.234504834596644285e-01
3.235952550596691846e-01
3.237471358461436743e-01
3.239061606913340996e-01
3.240723642489083955e-01
3.242457809525663426e-01
3.244264450146360779e-01
3.246143904246544531e-01
3.248096509479293514e-01
3.250122601240854614e-01
3.252222512655946751e-01
3.254396574562862243e-01
3.256645115498428833e-01
3.258968461682758555e-01
3.261366937003845057e-01
3.263840863001961634e-01
3.266390558853886628e-01
3.269016341356938415e-01
3.271718524912822224e-01
3.274497421511284312e-01
3.277353340713587415e-01
3.280286589635789674e-01
3.283297472931810401e-01
3.286386292776327656e-01
3.289553348847470415e-01
3.292798938309299261e-01
3.296123355794102761e-01
3.299526893384491233e-01
3.303009840595279023e-01
3.306572484355181363e-01
3.310215108988286414e-01
3.313937996195346347e-01
3.317741425034844149e-01
3.321625671903862265e-01
3.325591010518759716e-01
3.329637711895608865e-01
3.333766044330469525e-01
3.337976273379412717e-01
3.342268661838377897e-01
3.346643469722791475e-01
3.351100954246996055e-01
3.355641369803474827e-01
3.360264967941860581e-01
3.364971997347748767e-01
3.369762703821291838e-01
3.374637330255612078e-01
3.379596116614991264e-01
3.384639299912868271e-01
3.389767114189630726e-01
3.394979790490207927e-01
3.400277556841478921e-01
3.405660638229449644e-01
3.411129256576272417e-01
3.416683630717046172e-01
3.422323976376434040e-01
3.428050506145090548e-01
3.433863429455898952e-01
3.439762952560018738e-01
3.445749278502756030e-01
3.451822607099241380e-01
3.457983134909953793e-01
3.464231055216023814e-01
3.470566557994407830e-01
3.476989829892864758e-01
3.483501054204781733e-01
3.490100410843803846e-01
3.496788076318347871e-01
3.503564223705922798e-01
3.510429022627301054e-01
3.517382639220553164e-01
3.524425236114914206e-01
3.531556972404535921e-01
3.538778003622060631e-01
3.546088481712090790e-01
3.553488555004516436e-01
3.560978368187714960e-01
3.568558062281622645e-01
3.576227774610705179e-01
3.583987638776803264e-01
3.591837784631858876e-01
3.599778338250572141e-01
3.607809421902912206e-01
3.615931154026587602e-01
3.624143649199398354e-01
3.632447018111488179e-01
3.640841367537580586e-01
3.649326800309072860e-01
3.657903415286119508e-01
3.666571307329622997e-01
3.675330567273208393e-01
3.684181281895091420e-01
3.693123533889973720e-01
3.702157401840865392e-01
3.711282960190874780e-01
3.720500279215008255e-01
3.729809424991923916e-01
3.739210459375703621e-01
3.748703439967602247e-01
3.758288420087831927e-01
3.767965448747322976e-01
3.777734570619540877e-01
3.787595826012307709e-01
3.797549250839679646e-01
3.807594876593857758e-01
3.817732730317143774e-01
3.827962834573961914e-01
3.838285207422960643e-01
3.848699862389162174e-01
3.859206808436215774e-01
3.869806049938743775e-01
3.880497586654766407e-01
3.891281413698256531e-01
3.902157521511804839e-01
3.913125895839391077e-01
3.924186517699327359e-01
3.935339363357303055e-01
3.946584404299599003e-01
3.957921607206464909e-01
3.969350933925655522e-01
3.980872341446145546e-01
3.992485781872041617e-01
4.004191202396670257e-01
4.015988545276880650e-01
4.027877747807565023e-01
4.039858742296387750e-01
4.051931456038765367e-01
4.064095811293065297e-01
4.076351725256066039e-01
4.088699110038686579e-01
4.101137872641966164e-01
4.113667914933327729e-01
4.126289133623139427e-01
4.139001420241563700e-01
4.151804661115711670e-01
4.164698737347122259e-01
4.177683524789558844e-01
4.190758894027144521e-01
4.203924710352844318e-01
4.217180833747299351e-01
4.230527118858027902e-01
4.243963414978996762e-01
4.257489566030567829e-01
4.271105410539864922e-01
4.284810781621510856e-01
4.298605506958801947e-01
4.312489408785277201e-01
4.326462303866751014e-01
4.340524003483759996e-01
4.354674313414467757e-01
4.368913033918041533e-01
4.383239959718477907e-01
4.397654879988917020e-01
4.412157578336448061e-01
4.426747832787404913e-01
4.441425415773166407e-01
4.456190094116484479e-01
4.471041629018319696e-01
4.485979776045223022e-01
4.501004285117253256e-01
4.516114900496456808e-01
4.531311360775889252e-01
4.546593398869220315e-01
4.561960742000922275e-01
4.577413111697017367e-01
4.592950223776463559e-01
4.608571788343097109e-01
4.624277509778221273e-01
4.640067086733803414e-01
4.655940212126297162e-01
4.671896573131110175e-01
4.687935851177701396e-01
4.704057721945352211e-01
4.720261855359579872e-01
4.736547915589227054e-01
4.752915561044220305e-01
4.769364444374023515e-01
4.785894212466761388e-01
4.802504506449070676e-01
4.819194961686614764e-01
4.835965207785344888e-01
4.852814868593462450e-01
4.869743562204107423e-01
4.886750900958772292e-01
4.903836491451467050e-01
4.920999934533618059e-01
4.938240825319703542e-01
4.955558753193669008e-01
4.972953301816081528e-01
4.990424049132065609e-01
5.007970567379991245e-01
5.025592423100956330e-01
5.043289177149037350e-01
5.061060384702329440e-01
5.078905595274780804e-01
5.096824352728813734e-01
5.114816195288749423e-01
5.132880655555026594e-01
5.151017260519243912e-01
5.169225531579992872e-01
5.187504984559512256e-01
5.205855129721159713e-01
5.224275471787702685e-01
5.242765509960412018e-01
5.261324737939030438e-01
5.279952643942500412e-01
5.298648710730566869e-01
5.317412415626205924e-01
5.336243230538855187e-01
5.355140621988522254e-01
5.374104051130684789e-01
5.393132973782065465e-01
5.412226840447200704e-01
5.431385096345892061e-01
5.450607181441452509e-01
5.469892530469822045e-01
5.489240572969495968e-01
5.508650733312308034e-01
5.528122430735036286e-01
5.547655079371847098e-01
5.567248088287579666e-01
5.586900861511849836e-01
5.606612798073995485e-01
5.626383292038843464e-01
5.646211732543302553e-01
5.666097503833786853e-01
5.686039985304452982e-01
5.706038551536259940e-01
5.726092572336839437e-01
5.746201412781184459e-01
5.766364433253137189e-01
5.786580989487697391e-01
5.806850432614094615e-01
5.827172109199713068e-01
5.847545361294744781e-01
5.867969526477680997e-01
5.888443937901542968e-01
5.908967924340922107e-01
5.929540810239763982e-01
5.950161915759931697e-01
5.970830556830525326e-01
5.991546045197937431e-01
6.012307688476672407e-01
6.033114790200901911e-01
6.053966649876731942e-01
6.074862563035214880e-01
6.095801821286064293e-01
6.116783712372086956e-01
6.137807520224296542e-01
6.158872525017751176e-01
6.179978003228033812e-01
6.201123227688438710e-01
6.222307467647807400e-01
6.243529988829022992e-01
6.264790053488156207e-01
6.286086920474232009e-01
6.307419845289647942e-01
6.328788080151190876e-01
6.350190874051659939e-01
6.371627472822092297e-01
6.393097119194571798e-01
6.414599052865610496e-01
6.436132510560101938e-01
6.457696726095785156e-01
6.479290930448321495e-01
6.500914351816837744e-01
6.522566215689996616e-01
6.544245744912597917e-01
6.565952159752641570e-01
6.587684677968880242e-01
6.609442514878844932e-01
6.631224883427309091e-01
6.653030994255209052e-01
6.674860055768978562e-01
6.696711274210300768e-01
6.718583853726264321e-01
6.740476996439894730e-01
6.762389902521079854e-01
6.784321770257824014e-01
6.806271796127867368e-01
6.828239174870631700e-01
6.850223099559473727e-01
6.872222761674253722e-01
6.894237351174168360e-01
6.916266056570878895e-01
6.938308065001874692e-01
6.960362562304100997e-01
6.982428733087785444e-01
7.004505760810495474e-01
7.026592827851391165e-01
7.048689115585642373e-01
7.070793804459030163e-01
7.092906074062680366e-01
7.115025103207943680e-01
7.137150070001386792e-01
7.159280151919880097e-01
7.181414525885783107e-01
7.203552368342192036e-01
7.225692855328247344e-01
7.247835162554462363e-01
7.269978465478106333e-01
7.292121939378550799e-01
7.314264759432640428e-01
7.336406100790030527e-01
7.358545138648455719e-01
7.380681048328984195e-01
7.402813005351149833e-01
7.424940185508028812e-01
7.447061764941191875e-01
7.469176920215538917e-01
7.491284828393980355e-01
7.513384667111983051e-01
7.535475614651931942e-01
7.557556850017299599e-01
7.579627553006622609e-01
7.601686904287243696e-01
7.623734085468842903e-01
7.645768279176671234e-01
7.667788669124566692e-01
7.689794440187651681e-01
7.711784778474746194e-01
7.733758871400460144e-01
7.755715907756965954e-01
7.777655077785375903e-01
7.799575573246859683e-01
7.821476587493263466e-01
7.843357315537431429e-01
7.865216954123068760e-01
7.887054701794189437e-01
7.908869758964149899e-01
7.930661327984207531e-01
7.952428613211610653e-01
7.974170821077235516e-01
7.995887160152688189e-01
8.017576841216933481e-01
8.039239077322375415e-01
8.060873083860404797e-01
8.082478078626412765e-01
8.104053281884212590e-01
8.125597916429905254e-01
8.147111207655139964e-01
8.168592383609775132e-01
8.190040675063926523e-01
8.211455315569369251e-01
8.232835541520321376e-01
8.254180592213551382e-01
8.275489709907825064e-01
8.296762139882681852e-01
8.317997130496505021e-01
8.339193933243904677e-01
8.360351802812369115e-01
8.381469997138217831e-01
8.402547777461791823e-01
8.423584408381918909e-01
8.444579157909605227e-01
8.465531297520975107e-01
8.486440102209421577e-01
8.507304850536983043e-01
8.528124824684910621e-01
8.548899310503444982e-01
8.569627597560767196e-01
8.590308979191138006e-01
8.610942752542192213e-01
8.631528218621402626e-01
8.652064682341702451e-01
8.672551452566239494e-01
8.692987842152277711e-01
8.713373167994227231e-01
8.733706751065790641e-01
8.753987916461245522e-01
8.774215993435809935e-01
8.794390315445139716e-01
8.814510220183906508e-01
8.834575049623476506e-01
8.854584150048676605e-01
8.874536872093641282e-01
8.894432570776747982e-01
8.914270605534602154e-01
8.934050340255126343e-01
8.953771143309685598e-01
8.973432387584296954e-01
8.993033450509875237e-01
9.012573714091574040e-01
9.032052564937111949e-01
9.051469394284243908e-01
9.070823598027202284e-01
9.090114576742220898e-01
9.109341735712096488e-01
9.128504484949798714e-01
9.147602239221128695e-01
9.166634418066403889e-01
9.185600445821198168e-01
9.204499751636133764e-01
9.223331769495689558e-01
9.242095938236076780e-01
9.260791701562146594e-01
9.279418508063355109e-01
9.297975811228751386e-01
9.316463069461045077e-01
9.334879746089691510e-01
9.353225309383066399e-01
9.371499232559649117e-01
9.389700993798312245e-01
9.407830076247638562e-01
9.425885968034315443e-01
9.443868162270581124e-01
9.461776157060783898e-01
9.479609455506954330e-01
9.497367565713517035e-01
9.515050000791051010e-01
9.532656278859149568e-01
9.550185923048383208e-01
9.567638461501346558e-01
9.585013427372826023e-01
9.602310358829075909e-01
9.619528799046208611e-01
9.636668296207706597e-01
9.653728403501080635e-01
9.670708679113655393e-01
9.687608686227499044e-01
9.704427993013511333e-01
9.721166172624671198e-01
9.737822803188456167e-01
9.754397467798427979e-01
9.770889754505025504e-01
9.787299256305517225e-01
9.803625571133193217e-01
9.819868301845751102e-01
9.836027056212894859e-01
9.852101446903185344e-01
9.868091091470108100e-01
9.883995612337416192e-01
9.899814636783711430e-01
9.915547796926303947e-01
9.931194729704360125e-01
9.946755076861327760e-01
9.962228484926682892e-01
9.977614605196962749e-01
9.992913093716153661e-01
1.000812361125539063e+00
1.002324582329202629e+00
1.003827939998802821e+00
1.005322401616778993e+00
1.006807935129526932e+00
1.008284508945059166e+00
1.009752091930599782e+00
1.011210653410123950e+00
1.012660163161841487e+00
1.014100591415622254e+00
1.015531908850370257e+00
1.016954086591344009e+00
1.018367096207422939e+00
1.019770909708327400e+00
1.021165499541786259e+00
1.022550838590659428e+00
1.023926900170012644e+00
1.025293658024147403e+00
1.026651086323588258e+00
1.027999159662027706e+00
1.029337853053228446e+00
1.030667141927890551e+00
1.031987002130474007e+00
1.033297409915992837e+00
1.034598341946767253e+00
1.035889775289144499e+00
1.037171687410188170e+00
1.038444056174337327e+00
1.039706859840031861e+00
1.040960077056315214e+00
1.042203686859406009e+00
1.043437668669249252e+00
1.044662002286038671e+00
1.045876667886720179e+00
1.047081646021474022e+00
1.048276917610177161e+00
1.049462463938847900e+00
1.050638266656073405e+00
1.051804307769422575e+00
1.052960569641848476e+00
1.054107034988071678e+00
1.055243686870960040e+00
1.056370508697896060e+00
1.057487484217135787e+00
1.058594597514163071e+00
1.059691833008038930e+00
1.060779175447745803e+00
1.061856609908531368e+00
1.062924121788251686e+00
1.063981696803714794e+00
1.065029320987026074e+00
1.066066980681937171e+00
1.067094662540202021e+00
1.068112353517937763e+00
1.069120040871992305e+00
1.070117712156323897e+00
1.071105355218388677e+00
1.072082958195542446e+00
1.073050509511453310e+00
1.074007997872532094e+00
1.074955412264375632e+00
1.075892741948228704e+00
1.076819976457465966e+00
1.077737105594090528e+00
1.078644119425257841e+00
1.079541008279818692e+00
1.080427762744887055e+00
1.081304373662434148e+00
1.082170832125907811e+00
1.083027129476878292e+00
1.083873257301715354e+00
1.084709207428292910e+00
1.085534971922726299e+00
1.086350543086140652e+00
1.087155913451474554e+00
1.087951075780315691e+00
1.088736023059774904e+00
1.089510748499395998e+00
1.090275245528102177e+00
1.091029507791184017e+00
1.091773529147325839e+00
1.092507303665673613e+00
1.093230825622945268e+00
1.093944089500584749e+00
1.094647089981958032e+00
1.095339821949597559e+00
1.096022280482490174e+00
1.096694460853413933e+00
1.097356358526320408e+00
1.098007969153770524e+00
1.098649288574414573e+00
1.099280312810527294e+00
1.099901038065592029e+00
1.100511460721937507e+00
1.101111577338430347e+00
1.101701384648217097e+00
1.102280879556523541e+00
1.102850059138511529e+00
1.103408920637186874e+00
1.103957461461367417e+00
1.104495679183709722e+00
1.105023571538791494e+00
1.105541136421251736e+00
1.106048371883995962e+00
1.106545276136454925e+00
1.107031847542908842e+00
1.107508084620869582e+00
1.107973986039526348e+00
1.108429550618253323e+00
1.108874777325179473e+00
1.109309665275822088e+00
1.109734213731783825e+00
1.110148422099512810e+00
1.110552289929128467e+00
1.110945816913312401e+00
1.111329002886261907e+00
1.111701847822711864e+00
1.112064351837021015e+00
1.112416515182323540e+00
1.112758338249749457e+00
1.113089821567707194e+00
1.113410965801237218e+00
1.113721771751431389e+00
1.114022240354916704e+00
1.114312372683408991e+00
1.114592169943335431e+00
1.114861633475516811e+00
1.115120764754928828e+00
1.115369565390519568e+00
1.115608037125102259e+00
1.115836181835311525e+00
1.116054001531628259e+00
1.116261498358471993e+00
1.116458674594361211e+00
1.116645532652138062e+00
1.116822075079264120e+00
1.116988304558179879e+00
1.117144223906732847e+00
1.117289836078670717e+00
1.117425144164203132e+00
1.117550151390625190e+00
1.117664861123013331e+00
1.117769276864979844e+00
1.117863402259496874e+00
1.117947241089785049e+00
1.118020797280264045e+00
1.118084074897570002e+00
1.118137078151634878e+00
1.118179811396831536e+00
1.118212279133176335e+00
1.118234486007601891e+00
1.118246436815284017e+00
1.118248136501035717e+00
1.118239590160758468e+00
1.118220803042955236e+00
1.118191780550303882e+00
1.118152528241286747e+00
1.118103051831883077e+00
1.118043357197314513e+00
1.117973450373850763e+00
1.117893337560672329e+00
1.117803025121785421e+00
1.117702519587994825e+00
1.117591827658930947e+00
1.117470956205128818e+00
1.117339912270160385e+00
1.117198703072819876e+00
1.117047336009358460e+00
1.116885818655771079e+00
1.116714158770129917e+00
1.116532364294969160e+00
1.116340443359716605e+00
1.116138404283169461e+00
1.115926255576020765e+00
1.115704005943424892e+00
1.115471664287612796e+00
1.115229239710544551e+00
1.114976741516606529e+00
1.114714179215350764e+00
1.114441562524271845e+00
1.114158901371620658e+00
1.113866205899262329e+00
1.113563486465564134e+00
1.113250753648321378e+00
1.112928018247719475e+00
1.112595291289325328e+00
1.112252584027115354e+00
1.111899907946530819e+00
1.111537274767565142e+00
1.111164696447878075e+00
1.110782185185939630e+00
1.110389753424198656e+00
1.109987413852276061e+00
1.109575179410184020e+00
1.109153063291565378e+00
1.108721078946955707e+00
1.108279240087065354e+00
1.107827560686080126e+00
1.107366054984979531e+00
1.106894737494870551e+00
1.106413623000340074e+00
1.105922726562814207e+00
1.105422063523937126e+00
1.104911649508956373e+00
1.104391500430119688e+00
1.103861632490080069e+00
1.103322062185307928e+00
1.102772806309509246e+00
1.102213881957046615e+00
1.101645306526366497e+00
1.101067097723424482e+00
1.100479273565114102e+00
1.099881852382693204e+00
1.099274852825206317e+00
1.098658293862907254e+00
1.098032194790673932e+00
1.097396575231415650e+00
1.096751455139475695e+00
1.096096854804023746e+00
1.095432794852433389e+00
1.094759296253656755e+00
1.094076380321576059e+00
1.093384068718346036e+00
1.092682383457719952e+00
1.091971346908356733e+00
1.091250981797109443e+00
1.090521311212293565e+00
1.089782358606935730e+00
1.089034147801996255e+00
1.088276702989569689e+00
1.087510048736057833e+00
1.086734209985320554e+00
1.085949212061790625e+00
1.085155080673564587e+00
1.084351841915461634e+00
1.083539522272049638e+00
1.082718148620636089e+00
1.081887748234227287e+00
1.081048348784447555e+00
1.080199978344424050e+00
1.079342665391632927e+00
1.078476438810699545e+00
1.077601327896166250e+00
1.076717362355210650e+00
1.075824572310322802e+00
1.074922988301936222e+00
1.074012641291013814e+00
1.073093562661584066e+00
1.072165784223232166e+00
1.071229338213536719e+00
1.070284257300456510e+00
1.069330574584669291e+00
1.068368323601849301e+00
1.067397538324897033e+00
1.066418253166110164e+00
1.065430502979296534e+00
1.064434323061832943e+00
1.063429749156659998e+00
1.062416817454221452e+00
1.061395564594338481e+00
1.060366027668024902e+00
1.059328244219238213e+00
1.058282252246563360e+00
1.057228090204836546e+00
1.056165797006699325e+00
1.055095412024086521e+00
1.054016975089645314e+00
