3.263518223330695855e-01
3.246323315254677766e-01
3.229134519750610499e-01
3.211952652946049591e-01
3.194778529895256902e-01
3.177612964522159578e-01
3.160456769563517176e-01
3.143310756512307513e-01
3.126175735561366742e-01
3.109052515547259254e-01
3.091941903894426247e-01
3.074844706559594076e-01
3.057761727976454624e-01
3.040693771000660406e-01
3.023641636855094461e-01
3.006606125075484970e-01
2.989588033456300753e-01
2.972588157997028135e-01
2.955607292848750900e-01
2.938646230261104941e-01
2.921705760529587637e-01
2.904786671943254683e-01
2.887889750732777205e-01
2.871015781018913526e-01
2.854165544761365636e-01
2.837339821708066978e-01
2.820539389344866033e-01
2.803765022845666754e-01
2.787017495022989233e-01
2.770297576278984986e-01
2.753606034556911331e-01
2.736943635293068722e-01
2.720311141369210484e-01
2.703709313065434383e-01
2.687138908013577687e-01
2.670600681151082956e-01
2.654095384675402292e-01
2.637623767998893420e-01
2.621186577704243126e-01
2.604784557500420261e-01
2.588418448179166664e-01
2.572088987572036523e-01
2.555796910507960318e-01
2.539542948771403852e-01
2.523327831061054627e-01
2.507152282949103306e-01
2.491017026841085280e-01
2.474922781936313432e-01
2.458870264188881549e-01
2.442860186269293354e-01
2.426893257526646641e-01
2.410970183951460788e-01
2.395091668139081031e-01
2.379258409253725559e-01
2.363471102993115469e-01
2.347730441553761982e-01
2.332037113596854838e-01
2.316391804214796846e-01
2.300795194898361262e-01
2.285247963504489777e-01
2.269750784224739970e-01
2.254304327554366716e-01
2.238909260262054723e-01
2.223566245360299454e-01
2.208275942076450837e-01
2.193039005824392595e-01
2.177856088176896021e-01
2.162727836838620465e-01
2.147654895619792170e-01
2.132637904410519814e-01
2.117677499155797283e-01
2.102774311831157594e-01
2.087928970418991836e-01
2.073142098885548679e-01
2.058414317158578366e-01
2.043746241105663386e-01
2.029138482513209718e-01
2.014591649066093115e-01
2.000106344327989838e-01
1.985683167722365750e-01
1.971322714514120999e-01
1.957025575791914163e-01
1.942792338451144185e-01
1.928623585177585142e-01
1.914519894431683245e-01
1.900481840433528302e-01
1.886509993148454689e-01
1.872604918273314545e-01
1.858767177223391021e-01
1.844997327119973773e-01
1.831295920778558406e-01
1.817663506697712594e-01
1.804100629048556725e-01
1.790607827664905671e-01
1.777185638034018966e-01
1.763834591287992692e-01
1.750555214195780862e-01
1.737348029155812990e-01
1.724213554189253927e-01
1.711152302933863778e-01
1.698164784638457325e-01
1.685251504157975755e-01
1.672412961949149568e-01
1.659649654066747138e-01
1.646962072160423896e-01
1.634350703472132738e-01
1.621816030834126732e-01
1.609358532667508612e-01
1.596978682981362030e-01
1.584676951372431808e-01
1.572453803025343766e-01
1.560309698713381876e-01
1.548245094799793331e-01
1.536260443239618745e-01
1.524356191582055819e-01
1.512532782973329826e-01
1.500790656160064240e-01
1.489130245493170412e-01
1.477551980932211295e-01
1.466056288050258116e-01
1.454643588039220559e-01
1.443314297715656003e-01
1.432068829527017861e-01
1.420907591558373539e-01
1.409830987539566483e-01
1.398839416852798445e-01
1.387933274540664175e-01
1.377112951314571343e-01
1.366378833563597350e-01
1.355731303363736928e-01
1.345170738487539985e-01
1.334697512414130816e-01
1.324311994339606446e-01
1.314014549187793590e-01
1.303805537621362531e-01
1.293685316053287404e-01
1.283654236658647307e-01
1.273712647386731067e-01
1.263860891973498934e-01
1.254099309954306851e-01
1.244428236676968780e-01
1.234848003315068832e-01
1.225358936881585925e-01
1.215961360242762690e-01
1.206655592132246380e-01
1.197441947165457932e-01
1.188320735854234145e-01
1.179292264621660258e-01
1.170356835817140118e-01
1.161514747731679509e-01
1.152766294613352671e-01
1.144111766682964215e-01
1.135551450149885899e-01
1.127085627228066600e-01
1.118714576152196605e-01
1.110438571194010682e-01
1.102257882678742140e-01
1.094172777001696240e-01
1.086183516644939617e-01
1.078290360194099073e-01
1.070493562355257500e-01
1.062793373971933075e-01
1.055190042042132292e-01
1.047683809735481808e-01
1.040274916410403594e-01
1.032963597631338382e-01
1.025750085186016292e-01
1.018634607102735790e-01
1.011617387667680390e-01
1.004698647442219817e-01
9.978786032802278161e-02
9.911574683453783230e-02
9.845354521284210847e-02
9.780127604644173189e-02
9.715895955499526115e-02
9.652661559602837560e-02
9.590426366664250857e-02
9.529192290521770747e-02
9.468961209310733373e-02
9.409734965632221559e-02
9.351515366720775102e-02
9.294304184610913122e-02
9.238103156302446273e-02
9.182913983924717582e-02
9.128738334899372253e-02
9.075577842101895110e-02
9.023434104021371693e-02
8.972308684919000354e-02
8.922203114984772476e-02
8.873118890492426303e-02
8.825057473952591103e-02
8.778020294264055057e-02
8.732008746863090254e-02
8.687024193870657163e-02
8.643067964237438616e-02
8.600141353886925355e-02
8.558245625855859240e-02
8.517382010432661410e-02
8.477551705293212558e-02
8.438755875634335046e-02
8.400995654304527216e-02
8.364272141932344029e-02
8.328586407051807861e-02
8.293939486225271329e-02
8.260332384163349140e-02
8.227766073842174288e-02
8.196241496617584499e-02
8.165759562336200039e-02
8.136321149443931366e-02
8.107927105090678710e-02
8.080578245232677981e-02
8.054275354731099679e-02
8.029019187447650197e-02
8.004810466336725883e-02
7.981649883534486234e-02
7.959538100444357722e-02
7.938475747819034867e-02
7.918463425839344927e-02
7.899501704189387796e-02
7.881591122128006610e-02
7.864732188557138626e-02
7.848925382086102687e-02
7.834171151092533814e-02
7.820469913779531934e-02
7.807822058229141327e-02
7.796227942452194082e-02
7.785687894434423217e-02
7.776202212178445761e-02
7.767771163742592799e-02
7.760394987275476275e-02
7.754073891046769917e-02
7.748808053474487423e-02
7.744597623147936316e-02
7.741442718847263427e-02
7.739343429558737109e-02
7.738299814486548911e-02
7.738311903060413055e-02
7.739379694939463317e-02
7.741503160012136453e-02
7.744682238392330831e-02
7.748916840411518292e-02
7.754206846607197834e-02
7.760552107707030522e-02
7.767952444609760310e-02
7.776407648361693958e-02
7.785917480129622703e-02
7.796481671169902539e-02
7.808099922793543257e-02
7.820771906327883549e-02
7.834497263073847417e-02
7.849275604260197436e-02
7.865106510993358224e-02
7.881989534204003611e-02
7.899924194589780235e-02
7.918909982554339644e-02
7.938946358142723314e-02
7.960032750973261573e-02
7.982168560165925353e-02
8.005353154266847682e-02
8.029585871169792055e-02
8.054866018033773889e-02
8.081192871197601102e-02
8.108565676090639940e-02
8.136983647140705322e-02
8.166445967678381823e-02
8.196951789838025082e-02
8.228500234455954354e-02
8.261090390965047936e-02
8.294721317286662954e-02
8.329392039719230034e-02
8.365101552823861475e-02
8.401848819307472516e-02
8.439632769902366549e-02
8.478452303243572130e-02
8.518306285743187933e-02
8.559193551462046523e-02
8.601112901978896774e-02
8.644063106256905105e-02
8.688042900507658706e-02
8.733050988052987185e-02
8.779086039184080814e-02
8.826146691018654789e-02
8.874231547355804217e-02
8.923339178528638671e-02
8.973468121254984942e-02
9.024616878486119154e-02
9.076783919253522681e-02
9.129967678513895013e-02
9.184166556992379160e-02
9.239378921024182789e-02
9.295603102394622841e-02
9.352837398177615835e-02
9.411080070572791501e-02
9.470329346741374055e-02
9.530583418640814486e-02
9.591840442858029503e-02
9.654098540441991005e-02
9.717355796735077655e-02
9.781610261203610435e-02
9.846859947267627700e-02
9.913102832129894182e-02
9.980336856604549167e-02
1.004855992494487205e-01
1.011776990467097015e-01
1.018796462639695033e-01
1.025914188365800728e-01
1.033129943273730089e-01
1.040443499249275594e-01
1.047854624418413372e-01
1.055363083130008151e-01
1.062968635938547068e-01
1.070671039586921780e-01
1.078470046989246645e-01
1.086365407213740752e-01
1.094356865465660467e-01
1.102444163070336325e-01
1.110627037456267674e-01
1.118905222138339428e-01
1.127278446701122649e-01
1.135746436782301694e-01
1.144308914056245685e-01
1.152965596217685462e-01
1.161716196965555947e-01
1.170560425986999498e-01
1.179497988941530240e-01
1.188528587445374929e-01
1.197651919055998659e-01
1.206867677256852622e-01
1.216175551442287284e-01
1.225575226902725356e-01
1.235066384810045159e-01
1.244648702203193236e-01
1.254321851974062874e-01
1.264085502853618537e-01
1.273939319398301739e-01
1.283882961976698378e-01
1.293916086756499162e-01
1.304038345691777012e-01
1.314249386510534245e-01
1.324548852702604473e-01
1.334936383507856483e-01
1.345411613904746173e-01
1.355974174599208215e-01
1.366623692013905211e-01
1.377359788277849884e-01
1.388182081216374208e-01
1.399090184341517662e-01
1.410083706842774620e-01
1.421162253578265866e-01
1.432325425066310887e-01
1.443572817477405401e-01
1.454904022626660742e-01
1.466318627966631261e-01
1.477816216580633002e-01
1.489396367176483160e-01
1.501058654080711929e-01
1.512802647233238429e-01
1.524627912182534017e-01
1.536534010081258006e-01
1.548520497682387420e-01
1.560586927335855245e-01
1.572732846985692712e-01
1.584957800167671182e-01
1.597261326007498039e-01
1.609642959219506064e-01
1.622102230105907372e-01
1.634638664556569143e-01
1.647251784049352796e-01
1.659941105651004389e-01
1.672706142018598463e-01
1.685546401401571970e-01
1.698461387644302212e-01
1.711450600189290960e-01
1.724513534080922561e-01
1.737649679969808791e-01
1.750858524117743231e-01
1.764139548403245161e-01
1.777492230327709088e-01
1.790916043022182103e-01
1.804410455254734091e-01
1.817974931438465225e-01
1.831608931640125726e-01
1.845311911589374021e-01
1.859083322688663831e-01
1.872922612023760758e-01
1.886829222374906689e-01
1.900802592228618693e-01
1.914842155790142386e-01
1.928947342996548131e-01
1.943117579530474481e-01
1.957352286834536659e-01
1.971650882126376181e-01
1.986012778414378843e-01
2.000437384514053840e-01
2.014924105065056259e-01
2.029472340548902354e-01
2.044081487307320422e-01
2.058750937561275030e-01
2.073480079430671252e-01
2.088268296954704506e-01
2.103114970112891502e-01
2.118019474846755124e-01
2.132981183082198751e-01
2.147999462752512301e-01
2.163073677822082153e-01
2.178203188310737781e-01
2.193387350318779516e-01
2.208625516052662996e-01
2.223917033851344205e-01
2.239261248213296751e-01
2.254657499824166966e-01
2.270105125585110128e-01
2.285603458641764507e-01
2.301151828413882661e-01
2.316749560625617765e-01
2.332395977336452209e-01
2.348090396972765670e-01
2.363832134360059345e-01
2.379620500755801338e-01
2.395454803882914319e-01
2.411334347963896563e-01
2.427258433755558054e-01
2.443226358584393854e-01
2.459237416382555885e-01
2.475290897724461980e-01
2.491386089863987796e-01
2.507522276772286007e-01
2.523698739176177819e-01
2.539914754597163427e-01
2.556169597391000359e-01
2.572462538787875230e-01
2.588792846933132275e-01
2.605159786928606946e-01
2.621562620874479665e-01
2.638000607911716866e-01
2.654473004265043290e-01
2.670979063286479382e-01
2.687518035499381619e-01
2.704089168643045715e-01
2.720691707717804997e-01
2.737324895030663341e-01
2.753987970241413841e-01
2.770680170409269838e-01
2.787400730039985564e-01
2.804148881133454729e-01
2.820923853231778189e-01
2.837724873467807329e-01
2.854551166614136548e-01
2.871401955132552031e-01
2.888276459223905746e-01
2.905173896878434636e-01
2.922093483926487267e-01
2.939034434089671799e-01
2.955995959032402531e-01
2.972977268413844465e-01
2.989977569940219793e-01
3.006996069417522399e-01
3.024031970804561542e-01
3.041084476266383563e-01
3.058152786228021114e-01
3.075236099428586556e-01
3.092333612975672885e-01
3.109444522400091615e-01
3.126568021710887102e-01
3.143703303450654518e-01
3.160849558751142041e-01
3.178005977389108949e-01
3.195171747842463494e-01
3.212346057346623374e-01
3.229528091951139324e-01
3.246717036576529658e-01
3.263912075071330188e-01
3.281112390269351753e-01
3.298317164047144812e-01
3.315525577381607247e-01
3.332736810407810335e-01
3.349950042476949053e-01
3.367164452214456705e-01
3.384379217578256105e-01
3.401593515917121779e-01
3.418806524029179839e-01
3.436017418220488340e-01
3.453225374363723121e-01
3.470429567956931916e-01
3.487629174182377834e-01
3.504823367965405612e-01
3.522011324033391677e-01
3.539192216974694771e-01
3.556365221297663748e-01
3.573529511489614841e-01
3.590684262075851119e-01
3.607828647678642531e-01
3.624961843076192070e-01
3.642083023261579178e-01
3.659191363501632099e-01
3.676286039395774141e-01
3.693366226934786667e-01
3.710431102559484939e-01
3.727479843219324573e-01
3.744511626430904183e-01
3.761525630336339798e-01
3.778521033761536585e-01
3.795497016274317903e-01
3.812452758242415585e-01
3.829387440891304784e-01
3.846300246361865627e-01
3.863190357767888883e-01
3.880056959253384008e-01
3.896899236049685689e-01
3.913716374532366649e-01
3.930507562277936739e-01
3.947271988120297781e-01
3.964008842206985239e-01
3.980717316055147337e-01
3.997396602607283800e-01
4.014045896286707604e-01
4.030664393052732497e-01
4.047251290455600170e-01
4.063805787691079918e-01
4.080327085654794073e-01
4.096814386996230906e-01
4.113266896172413922e-01
4.129683819501278608e-01
4.146064365214697234e-01
4.162407743511141733e-01
4.178713166608035157e-01
4.194979848793700672e-01
4.211207006478967507e-01
4.227393858248397751e-01
4.243539624911117358e-01
4.259643529551274121e-01
4.275704797578080973e-01
4.291722656775466271e-01
4.307696337351301641e-01
4.323625071986217927e-01
4.339508095881994265e-01
4.355344646809512499e-01
4.371133965156283052e-01
4.386875293973499512e-01
4.402567879022685204e-01
4.418210968821846829e-01
4.433803814691178458e-01
4.449345670798310892e-01
4.464835794203072528e-01
4.480273444901779478e-01
4.495657885871048309e-01
4.510988383111109168e-01
4.526264205688644293e-01
4.541484625779120821e-01
4.556648918708630092e-01
4.571756362995211820e-01
4.586806240389696421e-01
4.601797835916001667e-01
4.616730437910952500e-01
4.631603338063552955e-01
4.646415831453761247e-01
4.661167216590728635e-01
4.675856795450518133e-01
4.690483873513297541e-01
4.705047759799989016e-01
4.719547766908416819e-01
4.733983211048889417e-01
4.748353412079266977e-01
4.762657693539477100e-01
4.776895382685513725e-01
4.791065810522873170e-01
4.805168311839467243e-01
4.819202225237996240e-01
4.833166893167760714e-01
4.847061661955960332e-01
4.860885881838439837e-01
4.874638906989876563e-01
4.888320095553460032e-01
4.901928809670004772e-01
4.915464415506526352e-01
4.928926283284299492e-01
4.942313787306349404e-01
4.955626305984422997e-01
4.968863221865423285e-01
4.982023921657297572e-01
4.995107796254414922e-01
5.008114240762387981e-01
5.021042654522382964e-01
5.033892441134900642e-01
5.046663008483023294e-01
5.059353768755152636e-01
5.071964138467216499e-01
5.084493538484374797e-01
5.096941394042188156e-01
5.109307134767303582e-01
5.121590194697608345e-01
5.133790012301902017e-01
5.145906030499053374e-01
5.157937696676656580e-01
5.169884462709218864e-01
5.181745784975827496e-01
5.193521124377364906e-01
5.205209946353213102e-01
5.216811720897502891e-01
5.228325922574884599e-01
5.239752030535831384e-01
5.251089528531477368e-01
5.262337904928008347e-01
5.273496652720593980e-01
5.284565269546867006e-01
5.295543257699971695e-01
5.306430124141168214e-01
5.317225380512010657e-01
5.327928543146098761e-01
5.338539133080396626e-01
5.349056676066166194e-01
5.359480702579452194e-01
5.369810747831209596e-01
5.380046351776992530e-01
5.390187059126279046e-01
5.400232419351408408e-01
5.410181986696124268e-01
5.420035320183768102e-01
5.429791983625082974e-01
5.439451545625688667e-01
5.449013579593171563e-01
5.458477663743845909e-01
5.467843381109185330e-01
5.477110319541886874e-01
5.486278071721655269e-01
5.495346235160625259e-01
5.504314412208501928e-01
5.513182210057373522e-01
5.521949240746240051e-01
5.530615121165244341e-01
5.539179473059615555e-01
5.547641923033338474e-01
5.556002102552553001e-01
5.564259647948676113e-01
5.572414200421290653e-01
5.580465406040762133e-01
5.588412915750613497e-01
5.596256385369686726e-01
5.603995475594044651e-01
5.611629851998668483e-01
5.619159185038939963e-01
5.626583150051903681e-01
5.633901427257340666e-01
5.641113701758645460e-01
5.648219663543502245e-01
5.655219007484404425e-01
5.662111433338975486e-01
5.668896645750143293e-01
5.675574354246143427e-01
5.682144273240370413e-01
5.688606122031079071e-01
5.694959624800967068e-01
5.701204510616595389e-01
5.707340513427692219e-01
5.713367372066351368e-01
5.719284830246104123e-01
5.725092636560874526e-01
5.730790544483858051e-01
5.736378312366290366e-01
5.741855703436122838e-01
5.747222485796635860e-01
5.752478432424956711e-01
5.757623321170518560e-01
5.762656934753449534e-01
5.767579060762915155e-01
5.772389491655389726e-01
5.777088024752893292e-01
5.781674462241193080e-01
5.786148611167952760e-01
5.790510283440869488e-01
5.794759295825769874e-01
5.798895469944699288e-01
5.802918632273988964e-01
5.806828614142316436e-01
5.810625251728762652e-01
5.814308386060864642e-01
5.817877863012677064e-01
5.821333533302842644e-01
5.824675252492674815e-01
5.827902880984258127e-01
5.831016284018577522e-01
5.834015331673662041e-01
5.836899898862770719e-01
5.839669865332599574e-01
5.842325115661550772e-01
5.844865539258001785e-01
5.847291030358674480e-01
5.849601488026990870e-01
5.851796816151544345e-01
5.853876923444556457e-01
5.855841723440468050e-01
5.857691134494512619e-01
5.859425079781417356e-01
5.861043487294119725e-01
5.862546289842593961e-01
5.863933425052706427e-01
5.865204835365183111e-01
5.866360468034619302e-01
5.867400275128576981e-01
5.868324213526759925e-01
5.869132244920272079e-01
5.869824335810942539e-01
5.870400457510741576e-01
5.870860586141284365e-01
5.871204702633395778e-01
5.871432792726785088e-01
5.871544846969791731e-01
5.871540860719214328e-01
5.871420834140230749e-01
5.871184772206397007e-01
5.870832684699742732e-01
5.870364586210936597e-01
5.869780496139556103e-01
5.869080438694413981e-01
5.868264442893997845e-01
5.867332542566974229e-01
5.866284776352783670e-01
5.865121187702306838e-01
5.863841824878627262e-01
5.862446740957849567e-01
5.860935993830018731e-01
5.859309646200103749e-01
5.857567765589047903e-01
5.855710424334896747e-01
5.853737699594007138e-01
5.851649673342307345e-01
5.849446432376621541e-01
5.847128068316078675e-01
5.844694677603549104e-01
5.842146361507167818e-01
5.839483226121897630e-01
5.836705382371137896e-01
5.833812946008395395e-01
5.830806037618990745e-01
5.827684782621804782e-01
5.824449311271081564e-01
5.821099758658223600e-01
5.817636264713665906e-01
5.814058974208748953e-01
5.810368036757609378e-01
5.806563606819105106e-01
5.802645843698744921e-01
5.798614911550630246e-01
5.794470979379396924e-01
5.790214221042156995e-01
5.785844815250452688e-01
5.781362945572166012e-01
5.776768800433440543e-01
5.772062573120586570e-01
5.767244461781940723e-01
5.762314669429703384e-01
5.757273403941750578e-01
5.752120878063383680e-01
5.746857309409063586e-01
5.741482920464047179e-01
5.735997938586012701e-01
5.730402596006590743e-01
5.724697129832834186e-01
5.718881782048608198e-01
5.712956799515903628e-01
5.706922433976066023e-01
5.700778942050903630e-01
5.694526585243737671e-01
5.688165629940303836e-01
5.681696347409561643e-01
5.675119013804383883e-01
5.668433910162105072e-01
5.661641322404955545e-01
5.654741541340339017e-01
5.647734862660971356e-01
5.640621586944858379e-01
5.633402019655131543e-01
5.626076471139692670e-01
5.618645256630694362e-01
5.611108696243850558e-01
5.603467114977545016e-01
5.595720842711739973e-01
5.587870214206703823e-01
5.579915569101520090e-01
5.571857251912362141e-01
5.563695612030581383e-01
5.555431003720535665e-01
5.547063786117194528e-01
5.538594323223494653e-01
5.530022983907453282e-01
5.521350141899012964e-01
5.512576175786627619e-01
5.503701469013578818e-01
5.494726409874006734e-01
5.485651391508660213e-01
5.476476811900358177e-01
5.467203073869133512e-01
5.457830585067102724e-01
5.448359757972985884e-01
5.438791009886334571e-01
5.429124762921418990e-01
5.419361444000789785e-01
5.409501484848487918e-01
5.399545321982920365e-01
5.389493396709383877e-01
5.379346155112211258e-01
5.369104048046573485e-01
5.358767531129893236e-01
5.348337064732892054e-01
5.337813113970237833e-01
5.327196148690827027e-01
5.316486643467627227e-01
5.305685077587170007e-01
5.294791935038585251e-01
5.283807704502255786e-01
5.272732879338033474e-01
5.261567957573033416e-01
5.250313441888998511e-01
5.238969839609233237e-01
5.227537662685071140e-01
5.216017427681926000e-01
5.204409655764870024e-01
5.192714872683765748e-01
5.180933608757913866e-01
5.169066398860276967e-01
5.157113782401177016e-01
5.145076303311564292e-01
5.132954510025772299e-01
5.120748955463811924e-01
5.108460197013158233e-01
5.096088796510052088e-01
5.083635320220305509e-01
5.071100338819614084e-01
5.058484427373345360e-01
5.045788165315829854e-01
5.033012136429165784e-01
5.020156928821455367e-01
5.007223134904580375e-01
4.994211351371426466e-01
4.981122179172591813e-01
4.967956223492576706e-01
4.954714093725437474e-01
4.941396403449923591e-01
4.928003770404069117e-01
4.914536816459266766e-01
4.900996167593789088e-01
4.887382453865794507e-01
4.873696309385786574e-01
4.859938372288521991e-01
4.846109284704405717e-01
4.832209692730325412e-01
4.818240246399950188e-01
4.804201599653500354e-01
4.790094410306953709e-01
4.775919340020730042e-01
4.761677054267824394e-01
4.747368222301405205e-01
4.732993517121867333e-01
4.718553615443344951e-01
4.704049197659691539e-01
4.689480947809919753e-01
4.674849553543097280e-01
4.660155706082728111e-01
4.645400100190565928e-01
4.630583434129937337e-01
4.615706409628506091e-01
4.600769731840513299e-01
4.585774109308508595e-01
4.570720253924541732e-01
4.555608880890843482e-01
4.540440708679993054e-01
4.525216458994554269e-01
4.509936856726231569e-01
4.494602629914481451e-01
4.479214509704664837e-01
4.463773230305659312e-01
4.448279528946997852e-01
4.432734145835521833e-01
4.417137824111530553e-01
4.401491309804461127e-01
4.385795351788092100e-01
4.370050701735267995e-01
4.354258114072157015e-01
4.338418345932068543e-01
4.322532157108775475e-01
4.306600310009431887e-01
4.290623569607008303e-01
4.274602703392315073e-01
4.258538481325582770e-01
4.242431675787614043e-01
4.226283061530533569e-01
4.210093415628100022e-01
4.193863517425643339e-01
4.177594148489575110e-01
4.161286092556533700e-01
4.144940135482129695e-01
4.128557065189321085e-01
4.112137671616422629e-01
4.095682746664751073e-01
4.079193084145920078e-01
4.062669479728800992e-01
4.046112730886128883e-01
4.029523636840794398e-01
4.012902998511826969e-01
3.996251618460042176e-01
3.979570300833407681e-01
3.962859851312122150e-01
3.946121077053390547e-01
3.929354786635946839e-01
3.912561790004303597e-01
3.895742898412746791e-01
3.878898924369088008e-01
3.862030681578180191e-01
3.845138984885217992e-01
3.828224650218801095e-01
3.811288494533817683e-01
3.794331335754118628e-01
3.777353992715009601e-01
3.760357285105566105e-01
3.743342033410795300e-01
3.726309058853631839e-01
3.709259183336798271e-01
3.692193229384536091e-01
3.675112020084204123e-01
3.658016379027776432e-01
3.640907130253248081e-01
3.623785098185924314e-01
3.606651107579661453e-01
3.589505983458035621e-01
3.572350551055438750e-01
3.555185635758150164e-01
3.538012063045362643e-01
3.520830658430204041e-01
3.503642247400717280e-01
3.486447655360876974e-01
3.469247707571594952e-01
3.452043229091755761e-01
3.434835044719287689e-01
3.417623978932281537e-01
3.400410855830169332e-01
3.383196499074960784e-01
3.365981731832571322e-01
3.348767376714245625e-01
3.331554255718065516e-01
3.314343190170597753e-01
3.297135000668649507e-01
3.279930507021165953e-01
3.262730528191284396e-01
3.245535882238529402e-01
3.228347386261209984e-01
3.211165856338972224e-01
3.193992107475548403e-01
3.176826953541733722e-01
3.159671207218550104e-01
3.142525679940656458e-01
3.125391181839992649e-01
3.108268521689664388e-01
3.091158506848100118e-01
3.074061943203473257e-01
3.056979635118396432e-01
3.039912385374928805e-01
3.022860995119866501e-01
3.005826263810360555e-01
2.988808989159840168e-01
2.971809967084291237e-01
2.954829991648858512e-01
2.937869855014829112e-01
2.920930347386938575e-01
2.904012256961090443e-01
2.887116369872444466e-01
2.870243470143888365e-01
2.853394339634925392e-01
2.836569757990975438e-01
2.819770502593078598e-01
2.802997348508060593e-01
2.786251068439104528e-01
2.769532432676795608e-01
2.752842209050614386e-01
2.736181162880890749e-01
2.719550056931239190e-01
2.702949651361479244e-01
2.686380703681036097e-01
2.669843968702851900e-01
2.653340198497792790e-01
2.636870142349576618e-01
2.620434546710230794e-01
2.604034155156048636e-01
2.587669708344127462e-01
2.571341943969411292e-01
2.555051596722299201e-01
2.538799398246816552e-01
2.522586077099334689e-01
2.506412358707877930e-01
2.490278965331987338e-01
2.474186616023179575e-01
2.458136026585990841e-01
2.442127909539614228e-01
2.426162974080124934e-01
2.410241926043326655e-01
2.394365467868190822e-01
2.378534298560932569e-01
2.362749113659662337e-01
2.347010605199701394e-01
2.331319461679506877e-01
2.315676368027229093e-01
2.300082005567900545e-01
2.284537051991266665e-01
2.269042181320251594e-01
2.253598063880081215e-01
2.238205366268036789e-01
2.222864751323876398e-01
2.207576878100891982e-01
2.192342401837633625e-01
2.177161973930288319e-01
2.162036241905714307e-01
2.146965849395135462e-01
2.131951436108509568e-01
2.116993637809544415e-01
2.102093086291383361e-01
2.087250409352973124e-01
2.072466230776064955e-01
2.057741170302915812e-01
2.043075843614632903e-01
2.028470862310197687e-01
2.013926833886150458e-01
1.999444361716945506e-01
1.985024045035966300e-01
1.970666478917218467e-01
1.956372254257662813e-01
1.942141957760236126e-01
1.927976171917519799e-01
1.913875474996065695e-01
1.899840441021390935e-01
1.885871639763619378e-01
1.871969636723776476e-01
1.858134993120735268e-01
1.844368265878819635e-01
1.830670007616039818e-01
1.817040766632977977e-01
1.803481086902304353e-01
1.789991508058947911e-01
1.776572565390872604e-01
1.763224789830502570e-01
1.749948707946762383e-01
1.736744841937736261e-01
1.723613709623949553e-01
1.710555824442248629e-01
1.697571695440304174e-01
1.684661827271693446e-01
1.671826720191604276e-01
1.659066870053104714e-01
1.646382768304018307e-01
1.633774901984360040e-01
1.621243753724366798e-01
1.608789801743075176e-01
1.596413519847473261e-01
1.584115377432208649e-01
1.571895839479838797e-01
1.559755366561619283e-01
1.547694414838848287e-01
1.535713436064709558e-01
1.523812877586671055e-01
1.511993182349357090e-01
1.500254788897976699e-01
1.488598131382203871e-01
1.477023639560574586e-01
1.465531738805375683e-01
1.454122850107983367e-01
1.442797390084694098e-01
1.431555770983002907e-01
1.420398400688338558e-01
1.409325682731242257e-01
1.398338016294971564e-01
1.387435796223549511e-01
1.376619413030216177e-01
1.365889252906292706e-01
1.355245697730451671e-01
1.344689125078369352e-01
1.334219908232767149e-01
1.323838416193819367e-01
1.313545013689937369e-01
1.303340061188892895e-01
1.293223914909291117e-01
1.283196926832386731e-01
1.273259444714219812e-01
1.263411812098065856e-01
1.253654368327196122e-01
1.243987448557935527e-01
1.234411383773006410e-01
1.224926500795149309e-01
1.215533122301011848e-01
1.206231566835296865e-01
1.197022148825155896e-01
1.187905178594815259e-01
1.178880962380445263e-01
1.169949802345233159e-01
1.161111996594666462e-01
1.152367839192014465e-01
1.143717620173997918e-01
1.135161625566641352e-01
1.126700137401276947e-01
1.118333433730722692e-01
1.110061788645591019e-01
1.101885472290751178e-01
1.093804750881909316e-01
1.085819886722295124e-01
1.077931138219470619e-01
1.070138759902230507e-01
1.062443002437587491e-01
1.054844112647820853e-01
1.047342333527620517e-01
1.039937904261252766e-01
1.032631060239804777e-01
1.025422033078429163e-01
1.018311050633652903e-01
1.011298337020667959e-01
1.004384112630656301e-01
9.975685941480949559e-02
9.908519945680499541e-02
9.842345232134497302e-02
9.777163857523302193e-02
9.712977842150399832e-02
9.649789170113731718e-02
9.587599789476708434e-02
9.526411612438395737e-02
9.466226515502823569e-02
9.407046339647578970e-02
9.348872890491305432e-02
9.291707938460214145e-02
9.235553218953412857e-02
9.180410432506957985e-02
9.126281244956713223e-02
9.073167287599642750e-02
9.021070157353655583e-02
8.969991416916034410e-02
8.919932594919893765e-02
8.870895186089228224e-02
8.822880651391812323e-02
8.775890418190579467e-02
8.729925880392652715e-02
8.684988398596510395e-02
8.641079300237036742e-02
8.598199879728335437e-02
8.556351398604222780e-02
8.515535085656372738e-02
8.475752137070180492e-02
8.437003716557978095e-02
8.399290955489752131e-02
8.362614953021280106e-02
8.326976776219485732e-02
8.292377460185307303e-02
8.258818008173279823e-02
8.226299391708780107e-02
8.194822550701985620e-02
8.164388393558991153e-02
8.134997797289889032e-02
8.106651607613757360e-02
8.079350639060400852e-02
8.053095675069077419e-02
8.027887468083788614e-02
8.003726739645600219e-02
7.980614180481088171e-02
7.958550450588003367e-02
7.937536179317106200e-02
7.917571965450831417e-02
7.898658377278061637e-02
7.880795952665842208e-02
7.863985199127243586e-02
7.848226593885559987e-02
7.833520583935149606e-02
7.819867586098283585e-02
7.807267987078708726e-02
7.795722143511013558e-02
7.785230382006647076e-02
7.775792999195979549e-02
7.767410261766655166e-02
7.760082406498042262e-02
7.753809640292042005e-02
7.748592140199916933e-02
7.744430053445244821e-02
7.741323497443197699e-02
7.739272559815779662e-02
7.738277298403228865e-02
7.738337741271728021e-02
7.739453886716712860e-02
7.741625703263121938e-02
7.744853129660883573e-02
7.749136074877127633e-02
7.754474418084239540e-02
7.760868008644289384e-02
7.768316666089092326e-02
7.776820180097021584e-02
7.786378310465674746e-02
7.796990787080543273e-02
7.808657309880256969e-02
7.821377548817703973e-02
7.835151143817564723e-02
7.849977704729926842e-02
7.865856811280391714e-02
7.882788013016128748e-02
7.900770829248604521e-02
7.919804748992348431e-02
7.939889230900298855e-02
7.961023703195552192e-02
7.983207563599314938e-02
8.006440179255519540e-02
8.030720886652048529e-02
8.056048991538167225e-02
8.082423768838820077e-02
8.109844462565596324e-02
8.138310285724031923e-02
8.167820420217952737e-02
8.198374016750559212e-02
8.229970194722019405e-02
8.262608042124375274e-02
8.296286615432990619e-02
8.331004939495134654e-02
8.366762007415590174e-02
8.403556780439264129e-02
8.441388187831083689e-02
8.480255126752955785e-02
8.520156462138012143e-02
8.561091026562223094e-02
8.603057620113369053e-02
8.646055010257469586e-02
8.690081931702764440e-02
8.735137086261246520e-02
8.781219142707835656e-02
8.828326736637348571e-02
8.876458470319276151e-02
8.925612912550323630e-02
8.975788598505052285e-02
9.026984029584483871e-02
9.079197673262784374e-02
9.132427962932188059e-02
9.186673297746184019e-02
9.241932042460976326e-02
9.298202527275561957e-02
9.355483047670054564e-02
9.413771864242881371e-02
9.473067202546492371e-02
9.533367252921792767e-02
9.594670170331742742e-02
9.656974074193502844e-02
9.720277048209979842e-02
9.784577140200151346e-02
9.849872361928962983e-02
9.916160688936292988e-02
9.983440060365378343e-02
1.005170837879081902e-01
1.012096351004609929e-01
1.019120328305081480e-01
1.026242548963768320e-01
1.033462788437946589e-01
1.040780818441579547e-01
1.048196406928016411e-01
1.055709318072706737e-01
1.063319312255933680e-01
1.071026146045594429e-01
1.078829572180026175e-01
1.086729339550883133e-01
1.094725193186084078e-01
1.102816874232839806e-01
1.111004119940764423e-01
1.119286663645086555e-01
1.127664234749957695e-01
1.136136558711896005e-01
1.144703357023341694e-01
1.153364347196361717e-01
1.162119242746490477e-01
1.170967753176736514e-01
1.179909583961762376e-01
1.188944436532226034e-01
1.198072008259330468e-01
1.207291992439555317e-01
1.216604078279607815e-01
1.226007950881585207e-01
1.235503291228379763e-01
1.245089776169296947e-01
1.254767078405950587e-01
1.264534866478399522e-01
1.274392804751553476e-01
1.284340553401869811e-01
1.294377768404323947e-01
1.304504101519687875e-01
1.314719200282109535e-01
1.325022707987018045e-01
1.335414263679341462e-01
1.345893502142087028e-01
1.356460053885235606e-01
1.367113545135016928e-01
1.377853597823529563e-01
1.388679829578760572e-01
1.399591853714958201e-01
1.410589279223425363e-01
1.421671710763685592e-01
1.432838748655084760e-01
1.444089988868799690e-01
1.455425023020270325e-01
1.466843438362077090e-01
1.478344817777257902e-01
1.489928739773078714e-01
1.501594778475258685e-01
1.513342503622686075e-01
1.525171480562578230e-01
1.537081270246158371e-01
1.549071429224807006e-01
1.561141509646708503e-01
1.573291059254032787e-01
1.585519621380594990e-01
1.597826734950072991e-01
1.610211934474723994e-01
1.622674750054666215e-01
1.635214707377670718e-01
1.647831327719535555e-01
1.660524127944995598e-01
1.673292620509196360e-01
1.686136313459749014e-01
1.699054710439336646e-01
1.712047310688934454e-01
1.725113609051575625e-01
1.738253095976742268e-01
1.751465257525336994e-01
1.764749575375250124e-01
1.778105526827558625e-01
1.791532584813301243e-01
1.805030217900900902e-01
1.818597890304188835e-01
1.832235061891059891e-01
1.845941188192752880e-01
1.859715720413770979e-01
1.873558105442423849e-01
1.887467785862029790e-01
1.901444199962732395e-01
1.915486781753997225e-01
1.929594960977718543e-01
1.943768163122015502e-01
1.958005809435650058e-01
1.972307316943122113e-01
1.986672098460412483e-01
2.001099562611380889e-01
2.015589113844842850e-01
2.030140152452292179e-01
2.044752074586291823e-01
2.059424272279535839e-01
2.074156133464570284e-01
2.088947041994181908e-01
2.103796377662453532e-01
2.118703516226496109e-01
2.133667829428824714e-01
2.148688685020423428e-01
2.163765446784468582e-01
2.178897474560714254e-01
2.194084124270546665e-01
2.209324747942695288e-01
2.224618693739620068e-01
2.239965305984543686e-01
2.255363925189152186e-01
2.270813888081946730e-01
2.286314527637258176e-01
2.301865173104904461e-01
2.317465150040512456e-01
2.333113780336451559e-01
2.348810382253467832e-01
2.364554270452918217e-01
2.380344756029635356e-01
2.396181146545469653e-01
2.412062746063414198e-01
2.427988855182383054e-01
2.443958771072611280e-01
2.459971787511654462e-01
2.476027194921020524e-01
2.492124280403399950e-01
2.508262327780498291e-01
2.524440617631471540e-01
2.540658427331947133e-01
2.556915031093645041e-01
2.573209700004557288e-01
2.589541702069728668e-01
2.605910302252585353e-01
2.622314762516835263e-01
2.638754341868934095e-01
2.655228296401072607e-01
2.671735879334741215e-01
2.688276341064803621e-01
2.704848929204112240e-01
2.721452888628639322e-01
2.738087461523125432e-01
2.754751887427229207e-01
2.771445403282174480e-01
2.788167243477899238e-01
2.804916639900663089e-01
2.821692821981156563e-01
2.838495016743052268e-01
2.855322448852019579e-01
2.872174340665191172e-01
2.889049912281064225e-01
2.905948381589839036e-01
2.922868964324152330e-01
2.939810874110264649e-01
2.956773322519602454e-01
2.973755519120730439e-01
2.990756671531689115e-01
3.007775985472697089e-01
3.024812664819239716e-01
3.041865911655484700e-01
3.058934926328062964e-01
3.076018907500165378e-01
3.093117052205969775e-01
3.110228555905379944e-01
3.127352612539060495e-01
3.144488414583771485e-01
3.161635153107973384e-01
3.178792017827708483e-01
3.195958197162737102e-01
3.213132878292930816e-01
3.230315247214876617e-01
3.247504488798748090e-01
3.264699786845348672e-01
3.281900324143390835e-01
3.299105282526951788e-01
3.316313842933114597e-01
3.333525185459773055e-01
3.350738489423614741e-01
3.367952933418222328e-01
3.385167695372338637e-01
3.402381952608244942e-01
3.419594881900241412e-01
3.436805659533256341e-01
3.454013461361521431e-01
3.471217462867335346e-01
3.488416839219903864e-01
3.505610765334220558e-01
3.522798415930001870e-01
3.539978965590657722e-01
3.557151588822276000e-01
3.574315460112631460e-01
3.591469753990174096e-01
3.608613645083030841e-01
3.625746308177958954e-01
3.642866918279286104e-01
3.659974650667796592e-01
3.677068680959548752e-01
3.694148185164653486e-01
3.711212339745948441e-01
3.728260321677593359e-01
3.745291308503549965e-01
3.762304478395988028e-01
3.779299010213525989e-01
3.796274083559356693e-01
3.813228878839237668e-01
3.830162577319309314e-01
3.847074361183765445e-01
3.863963413592330087e-01
3.880828918737565525e-01
3.897670061901976624e-01
3.914486029514906429e-01
3.931276009209220268e-01
3.948039189877764477e-01
3.964774761729581432e-01
3.981481916345893657e-01
3.998159846735812595e-01
4.014807747391797577e-01
4.031424814344841123e-01
4.048010245219355596e-01
4.064563239287787288e-01
4.081082997524915212e-01
4.097568722661839025e-01
4.114019619239659420e-01
4.130434893662821016e-01
4.146813754252116069e-01
4.163155411297356223e-01
4.179459077109678455e-01
4.195723966073502398e-01
4.211949294698100199e-01
4.228134281668820549e-01
4.244278147897889708e-01
4.260380116574858933e-01
4.276439413216628904e-01
4.292455265717078916e-01
4.308426904396273072e-01
4.324353562049268462e-01
4.340234473994465381e-01
4.356068878121567289e-01
4.371856014939052293e-01
4.387595127621249924e-01
4.403285462054927213e-01
4.418926266885439547e-01
4.434516793562423564e-01
4.450056296385005439e-01
4.465544032546542863e-01
4.480979262178907963e-01
4.496361248396263388e-01
4.511689257338357684e-01
4.526962558213343812e-01
4.542180423340086426e-01
4.557342128189975083e-01
4.572446951428235651e-01
4.587494174954730441e-01
4.602483083944259867e-01
4.617412966886325631e-01
4.632283115624409309e-01
4.647092825394700255e-01
4.661841394864326693e-01
4.676528126169035016e-01
4.691152324950376151e-01
4.705713300392317389e-01
4.720210365257372365e-01
4.734642835922156512e-01
4.749010032412421256e-01
4.763311278437569185e-01
4.777545901424600783e-01
4.791713232551541024e-01
4.805812606780331953e-01
4.819843362889159599e-01
4.833804843504267978e-01
4.847696395131215752e-01
4.861517368185597210e-01
4.875267117023218688e-01
4.888944999969736527e-01
4.902550379349754350e-01
4.916082621515380779e-01
4.929541096874242578e-01
4.942925179916974332e-01
4.956234249244150236e-01
4.969467687592694083e-01
4.982624881861760224e-01
4.995705223138057205e-01
5.008708106720677344e-01
5.021632932145355666e-01
5.034479103208243655e-01
5.047246027989127359e-01
5.059933118874136992e-01
5.072539792577941409e-01
5.085065470165410773e-01
5.097509577072787401e-01
5.109871543128324811e-01
5.122150802572434936e-01
5.134346794077324638e-01
5.146458960766139290e-01
5.158486750231593421e-01
5.170429614554137299e-01
5.182287010319588383e-01
5.194058398636345331e-01
5.205743245152060217e-01
5.217341020069865554e-01
5.228851198164123915e-01
5.240273258795706823e-01
5.251606685926822893e-01
5.262850968135377450e-01
5.274005598628881408e-01
5.285070075257923827e-01
5.296043900529190385e-01
5.306926581618047756e-01
5.317717630380703886e-01
5.328416563365941938e-01
5.339022901826417922e-01
5.349536171729573075e-01
5.359955903768109930e-01
5.370281633370086460e-01
5.380512900708598334e-01
5.390649250711085916e-01
5.400690233068248247e-01
5.410635402242568448e-01
5.420484317476492730e-01
5.430236542800231936e-01
5.439891647039188927e-01
5.449449203821058463e-01
5.458908791582567366e-01
5.468269993575878285e-01
5.477532397874662617e-01
5.486695597379841471e-01
5.495759189825015767e-01
5.504722777781581033e-01
5.513585968663528014e-01
5.522348374731966825e-01
5.531009613099328037e-01
5.539569305733310633e-01
5.548027079460523536e-01
5.556382565969884002e-01
5.564635401815727356e-01
5.572785228420668036e-01
5.580831692078230821e-01
5.588774443955196736e-01
5.596613140093753547e-01
5.604347441413398689e-01
5.611977013712617923e-01
5.619501527670361929e-01
5.626920658847294199e-01
5.634234087686860182e-01
5.641441499516153257e-01
5.648542584546588641e-01
5.655537037874405204e-01
5.662424559480984110e-01
5.669204854233013124e-01
5.675877631882485508e-01
5.682442607066541251e-01
5.688899499307173979e-01
5.695248033010782418e-01
5.701487937467606404e-01
5.707618946851021891e-01
5.713640800216721605e-01
5.719553241501801333e-01
5.725356019523689666e-01
5.731048887979037776e-01
5.736631605442475967e-01
5.742103935365295841e-01
5.747465646074038093e-01
5.752716510769035896e-01
5.757856307522846162e-01
5.762884819278649706e-01
5.767801833848584803e-01
5.772607143912017458e-01
5.777300547013786147e-01
5.781881845562381050e-01
5.786350846828112182e-01
5.790707362941234226e-01
5.794951210890041393e-01
5.799082212518963386e-01
5.803100194526624733e-01
5.807004988463903006e-01
5.810796430731998141e-01
5.814474362580470679e-01
5.818038630105311082e-01
5.821489084247016832e-01
5.824825580788658419e-01
5.828047980353996405e-01
5.831156148405610695e-01
5.834149955243027597e-01
5.837029276000934574e-01
5.839793990647372812e-01
5.842443983982001932e-01
5.844979145634392470e-01
5.847399370062369428e-01
5.849704556550401335e-01
5.851894609208044828e-01
5.853969436968429196e-01
5.855928953586821972e-01
5.857773077639236714e-01
5.859501732521114059e-01
5.861114846446049409e-01
5.862612352444620534e-01
5.863994188363252924e-01
5.865260296863182843e-01
5.866410625419464786e-01
5.867445126320094406e-01
5.868363756665161413e-01
5.869166478366131257e-01
5.869853258145159014e-01
5.870424067534526502e-01
5.870878882876123805e-01
5.871217685321046265e-01
5.871440460829259189e-01
5.871547200169342506e-01
5.871537898918330889e-01
5.871412557461641590e-01
5.871171180993066674e-01
5.870813779514882924e-01
5.870340367838013940e-01
5.869750965582297697e-01
5.869045597176840712e-01
5.868224291860437702e-01
5.867287083682083404e-01
5.866234011501585410e-01
5.865065118990213655e-01
5.863780454631486450e-01
5.862380071721976504e-01
5.860864028372247958e-01
5.859232387507826711e-01
5.857485216870266242e-01
5.855622589018280033e-01
5.853644581328946161e-01
5.851551275998970736e-01
5.849342760046024603e-01
5.847019125310140009e-01
5.844580468455170541e-01
5.842026890970294373e-01
5.839358499171596328e-01
5.836575404203665496e-01
5.833677722041286096e-01
5.830665573491130571e-01
5.827539084193513741e-01
5.824298384624185809e-01
5.820943610096163123e-01
5.817474900761556711e-01
5.813892401613478533e-01
5.810196262487929975e-01
5.806386638065711425e-01
5.802463687874370724e-01
5.798427576290132723e-01
5.794278472539847735e-01
5.790016550702935527e-01
5.785641989713319333e-01
5.781154973361368743e-01
5.776555690295794854e-01
5.771844334025560963e-01
5.767021102921741083e-01
5.762086200219355137e-01
5.757039834019181956e-01
5.751882217289514543e-01
5.746613567867862038e-01
5.741234108462626162e-01
5.735744066654689943e-01
5.730143674898956485e-01
5.724433170525821124e-01
5.718612795742552546e-01
5.712682797634608400e-01
5.706643428166837673e-01
5.700494944184625323e-01
5.694237607414894820e-01
5.687871684467029620e-01
5.681397446833673648e-01
5.674815170891408522e-01
5.668125137901305344e-01
5.661327634009339915e-01
5.654422950246675850e-01
5.647411382529786694e-01
5.640293231660442608e-01
5.633068803325511631e-01
5.625738408096625509e-01
5.618302361429632352e-01
5.610760983663907187e-01
5.603114600021443792e-01
5.595363540605770014e-01
5.587508140400652135e-01
5.579548739268592739e-01
5.571485681949109869e-01
5.563319318056796359e-01
5.555050002079153781e-01
5.546678093374177720e-01
5.538203956167702113e-01
5.529627959550503791e-01
5.520950477475138340e-01
5.512171888752503968e-01
5.503292577048153333e-01
5.494312930878308965e-01
5.485233343605606660e-01
5.476054213434520257e-01
5.466775943406532168e-01
5.457398941394941971e-01
5.447923620099413000e-01
5.438350397040154771e-01
5.428679694551816759e-01
5.418911939777020237e-01
5.409047564659557050e-01
5.399087005937259764e-01
5.389030705134483235e-01
5.378879108554264210e-01
5.368632667270087921e-01
5.358291837117290513e-01
5.347857078684082888e-01
5.337328857302194862e-01
5.326707643037116302e-01
5.315993910677947465e-01
5.305188139726846330e-01
5.294290814388075139e-01
5.283302423556603955e-01
5.272223460806327866e-01
5.261054424377838989e-01
5.249795817165766598e-01
5.238448146705685371e-01
5.227011925160575112e-01
5.215487669306847485e-01
5.203875900519899789e-01
5.192177144759221319e-01
5.180391932553036760e-01
5.168520798982486619e-01
5.156564283665325821e-01
5.144522930739143796e-01
5.132397288844127159e-01
5.120187911105310574e-01
5.107895355114342451e-01
5.095520182910773244e-01
5.083062960962839716e-01
5.070524260147737383e-01
5.057904655731401133e-01
5.045204727347769591e-01
5.032425058977556542e-01
5.019566238926488344e-01
5.006628859803023968e-01
4.993613518495575998e-01
4.980520816149194840e-01
4.967351358141723350e-01
4.954105754059436317e-01
4.940784617672151491e-01
4.927388566907788259e-01
4.913918223826426179e-01
4.900374214593810063e-01
4.886757169454307159e-01
4.873067722703359195e-01
4.859306512659368193e-01
4.845474181635049948e-01
4.831571375908265131e-01
4.817598745692279749e-01
4.803556945105507126e-01
4.789446632140699767e-01
4.775268468633608321e-01
4.761023120231077654e-01
4.746711256358635556e-01
4.732333550187509674e-01
4.717890678601124876e-01
4.703383322161052149e-01
4.688812165072424043e-01
4.674177895148813877e-01
4.659481203776573155e-01
