0.000000000000000000e+00
3.335186214563646417e-02
6.670372429127292835e-02
1.000555864369093995e-01
1.334074485825458567e-01
1.667593107281823139e-01
2.001111728738187989e-01
2.334630350194552562e-01
2.668148971650917134e-01
3.001667593107281706e-01
3.335186214563646279e-01
3.668704836020010851e-01
4.002223457476375978e-01
4.335742078932740551e-01
4.669260700389105123e-01
5.002779321845469696e-01
5.336297943301834268e-01
5.669816564758198840e-01
6.003335186214563413e-01
6.336853807670927985e-01
6.670372429127292557e-01
7.003891050583657130e-01
7.337409672040021702e-01
7.670928293496386274e-01
8.004446914952751957e-01
8.337965536409116529e-01
8.671484157865481102e-01
9.005002779321845674e-01
9.338521400778210246e-01
9.672040022234574819e-01
1.000555864369093939e+00
1.033907726514730285e+00
1.067259588660366854e+00
1.100611450806003422e+00
1.133963312951639768e+00
1.167315175097276336e+00
1.200667037242912683e+00
1.234018899388549251e+00
1.267370761534185597e+00
1.300722623679822165e+00
1.334074485825458511e+00
1.367426347971095080e+00
1.400778210116731426e+00
1.434130072262367994e+00
1.467481934408004340e+00
1.500833796553640909e+00
1.534185658699277255e+00
1.567537520844913823e+00
1.600889382990550391e+00
1.634241245136186738e+00
1.667593107281823306e+00
1.700944969427459652e+00
1.734296831573096220e+00
1.767648693718732567e+00
1.801000555864369135e+00
1.834352418010005481e+00
1.867704280155642049e+00
1.901056142301278395e+00
1.934408004446914964e+00
1.967759866592551310e+00
2.001111728738187878e+00
2.034463590883824224e+00
2.067815453029460571e+00
2.101167315175097361e+00
2.134519177320733707e+00
2.167871039466370053e+00
2.201222901612006844e+00
2.234574763757643190e+00
2.267926625903279536e+00
2.301278488048915882e+00
2.334630350194552673e+00
2.367982212340189019e+00
2.401334074485825365e+00
2.434685936631461711e+00
2.468037798777098502e+00
2.501389660922734848e+00
2.534741523068371194e+00
2.568093385214007540e+00
2.601445247359644330e+00
2.634797109505280677e+00
2.668148971650917023e+00
2.701500833796553813e+00
2.734852695942190159e+00
2.768204558087826506e+00
2.801556420233462852e+00
2.834908282379099642e+00
2.868260144524735988e+00
2.901612006670372335e+00
2.934963868816008681e+00
2.968315730961645471e+00
3.001667593107281817e+00
3.035019455252918164e+00
3.068371317398554510e+00
3.101723179544191300e+00
3.135075041689827646e+00
3.168426903835463992e+00
3.201778765981100783e+00
3.235130628126737129e+00
3.268482490272373475e+00
3.301834352418009821e+00
3.335186214563646612e+00
3.368538076709282958e+00
3.401889938854919304e+00
3.435241801000555650e+00
3.468593663146192441e+00
3.501945525291828787e+00
3.535297387437465133e+00
3.568649249583101479e+00
3.602001111728738270e+00
3.635352973874374616e+00
3.668704836020010962e+00
3.702056698165647308e+00
3.735408560311284099e+00
3.768760422456920445e+00
3.802112284602556791e+00
3.835464146748193581e+00
3.868816008893829927e+00
3.902167871039466274e+00
3.935519733185102620e+00
3.968871595330739410e+00
4.002223457476375756e+00
4.035575319622012103e+00
4.068927181767648449e+00
4.102279043913284795e+00
4.135630906058921141e+00
4.168982768204558376e+00
4.202334630350194722e+00
4.235686492495831068e+00
4.269038354641467414e+00
4.302390216787103761e+00
4.335742078932740107e+00
4.369093941078376453e+00
4.402445803224013687e+00
4.435797665369650034e+00
4.469149527515286380e+00
4.502501389660922726e+00
4.535853251806559072e+00
4.569205113952195418e+00
4.602556976097831765e+00
4.635908838243468111e+00
4.669260700389105345e+00
4.702612562534741691e+00
4.735964424680378038e+00
4.769316286826014384e+00
4.802668148971650730e+00
4.836020011117287076e+00
4.869371873262923422e+00
4.902723735408560657e+00
4.936075597554197003e+00
4.969427459699833349e+00
5.002779321845469696e+00
5.036131183991106042e+00
5.069483046136742388e+00
5.102834908282378734e+00
5.136186770428015080e+00
5.169538632573652315e+00
5.202890494719288661e+00
5.236242356864925007e+00
5.269594219010561353e+00
5.302946081156197700e+00
5.336297943301834046e+00
5.369649805447470392e+00
5.403001667593107626e+00
5.436353529738743973e+00
5.469705391884380319e+00
5.503057254030016665e+00
5.536409116175653011e+00
5.569760978321289357e+00
5.603112840466925704e+00
5.636464702612562050e+00
5.669816564758199284e+00
5.703168426903835631e+00
5.736520289049471977e+00
5.769872151195108323e+00
5.803224013340744669e+00
5.836575875486381015e+00
5.869927737632017362e+00
5.903279599777654596e+00
5.936631461923290942e+00
5.969983324068927288e+00
6.003335186214563635e+00
6.036687048360199981e+00
6.070038910505836327e+00
6.103390772651472673e+00
6.136742634797109019e+00
6.170094496942746254e+00
6.203446359088382600e+00
6.236798221234018946e+00
6.270150083379655293e+00
6.303501945525291639e+00
6.336853807670927985e+00
6.370205669816564331e+00
6.403557531962201566e+00
6.436909394107837912e+00
6.470261256253474258e+00
6.503613118399110604e+00
6.536964980544746950e+00
6.570316842690383297e+00
6.603668704836019643e+00
6.637020566981655989e+00
6.670372429127293223e+00
6.703724291272929570e+00
6.737076153418565916e+00
6.770428015564202262e+00
6.803779877709838608e+00
6.837131739855474954e+00
6.870483602001111301e+00
6.903835464146747647e+00
6.937187326292384881e+00
6.970539188438021228e+00
7.003891050583657574e+00
7.037242912729293920e+00
7.070594774874930266e+00
7.103946637020566612e+00
7.137298499166202959e+00
7.170650361311840193e+00
7.204002223457476539e+00
7.237354085603112885e+00
7.270705947748749232e+00
7.304057809894385578e+00
7.337409672040021924e+00
7.370761534185658270e+00
7.404113396331294616e+00
7.437465258476931851e+00
7.470817120622568197e+00
7.504168982768204543e+00
7.537520844913840889e+00
7.570872707059477236e+00
7.604224569205113582e+00
7.637576431350749928e+00
7.670928293496387163e+00
7.704280155642023509e+00
7.737632017787659855e+00
7.770983879933296201e+00
7.804335742078932547e+00
7.837687604224568894e+00
7.871039466370205240e+00
7.904391328515841586e+00
7.937743190661478820e+00
7.971095052807115167e+00
8.004446914952751513e+00
8.037798777098387859e+00
8.071150639244024205e+00
8.104502501389660551e+00
8.137854363535296898e+00
8.171206225680933244e+00
8.204558087826569590e+00
8.237909949972205936e+00
8.271261812117842283e+00
8.304613674263480405e+00
8.337965536409116751e+00
8.371317398554753098e+00
8.404669260700389444e+00
8.438021122846025790e+00
8.471372984991662136e+00
8.504724847137298482e+00
8.538076709282934829e+00
8.571428571428571175e+00
8.604780433574207521e+00
8.638132295719843867e+00
8.671484157865480213e+00
8.704836020011116560e+00
8.738187882156752906e+00
8.771539744302389252e+00
8.804891606448027375e+00
8.838243468593663721e+00
8.871595330739300067e+00
8.904947192884936413e+00
8.938299055030572760e+00
8.971650917176209106e+00
9.005002779321845452e+00
9.038354641467481798e+00
9.071706503613118144e+00
9.105058365758754491e+00
9.138410227904390837e+00
9.171762090050027183e+00
9.205113952195663529e+00
9.238465814341299875e+00
9.271817676486936222e+00
9.305169538632574344e+00
9.338521400778210690e+00
9.371873262923847037e+00
9.405225125069483383e+00
9.438576987215119729e+00
9.471928849360756075e+00
9.505280711506392421e+00
9.538632573652028768e+00
9.571984435797665114e+00
9.605336297943301460e+00
9.638688160088937806e+00
9.672040022234574153e+00
9.705391884380210499e+00
9.738743746525846845e+00
9.772095608671483191e+00
9.805447470817121314e+00
9.838799332962757660e+00
9.872151195108394006e+00
9.905503057254030352e+00
9.938854919399666699e+00
9.972206781545303045e+00
1.000555864369093939e+01
1.003891050583657574e+01
1.007226236798221208e+01
1.010561423012784843e+01
1.013896609227348478e+01
1.017231795441912112e+01
1.020566981656475747e+01
1.023902167871039381e+01
1.027237354085603016e+01
1.030572540300166828e+01
1.033907726514730463e+01
1.037242912729294098e+01
1.040578098943857732e+01
1.043913285158421367e+01
1.047248471372985001e+01
1.050583657587548636e+01
1.053918843802112271e+01
1.057254030016675905e+01
1.060589216231239540e+01
1.063924402445803175e+01
1.067259588660366809e+01
1.070594774874930444e+01
1.073929961089494078e+01
1.077265147304057713e+01
1.080600333518621525e+01
1.083935519733185160e+01
1.087270705947748795e+01
1.090605892162312429e+01
1.093941078376876064e+01
1.097276264591439698e+01
1.100611450806003333e+01
1.103946637020566968e+01
1.107281823235130602e+01
1.110617009449694237e+01
1.113952195664257871e+01
1.117287381878821506e+01
1.120622568093385141e+01
1.123957754307948775e+01
1.127292940522512410e+01
1.130628126737076222e+01
1.133963312951639857e+01
1.137298499166203491e+01
1.140633685380767126e+01
1.143968871595330761e+01
1.147304057809894395e+01
1.150639244024458030e+01
1.153974430239021665e+01
1.157309616453585299e+01
1.160644802668148934e+01
1.163979988882712568e+01
1.167315175097276203e+01
1.170650361311839838e+01
1.173985547526403472e+01
1.177320733740967107e+01
1.180655919955530919e+01
1.183991106170094554e+01
1.187326292384658188e+01
1.190661478599221823e+01
1.193996664813785458e+01
1.197331851028349092e+01
1.200667037242912727e+01
1.204002223457476362e+01
1.207337409672039996e+01
1.210672595886603631e+01
1.214007782101167265e+01
1.217342968315730900e+01
1.220678154530294535e+01
1.224013340744858169e+01
1.227348526959421804e+01
1.230683713173985616e+01
1.234018899388549251e+01
1.237354085603112885e+01
1.240689271817676520e+01
1.244024458032240155e+01
1.247359644246803789e+01
1.250694830461367424e+01
1.254030016675931059e+01
1.257365202890494693e+01
1.260700389105058328e+01
1.264035575319621962e+01
1.267370761534185597e+01
1.270705947748749232e+01
1.274041133963312866e+01
1.277376320177876501e+01
1.280711506392440313e+01
1.284046692607003948e+01
1.287381878821567582e+01
1.290717065036131217e+01
1.294052251250694852e+01
1.297387437465258486e+01
1.300722623679822121e+01
1.304057809894385755e+01
1.307392996108949390e+01
1.310728182323513025e+01
1.314063368538076659e+01
1.317398554752640294e+01
1.320733740967203929e+01
1.324068927181767563e+01
1.327404113396331198e+01
1.330739299610894832e+01
1.334074485825458645e+01
1.337409672040022279e+01
1.340744858254585914e+01
1.344080044469149549e+01
1.347415230683713183e+01
1.350750416898276818e+01
1.354085603112840452e+01
1.357420789327404087e+01
1.360755975541967722e+01
1.364091161756531356e+01
1.367426347971094991e+01
1.370761534185658626e+01
1.374096720400222260e+01
1.377431906614785895e+01
1.380767092829349529e+01
1.384102279043913342e+01
1.387437465258476976e+01
1.390772651473040611e+01
1.394107837687604246e+01
1.397443023902167880e+01
1.400778210116731515e+01
1.404113396331295149e+01
1.407448582545858784e+01
1.410783768760422419e+01
1.414118954974986053e+01
1.417454141189549688e+01
1.420789327404113322e+01
1.424124513618676957e+01
1.427459699833240592e+01
1.430794886047804226e+01
1.434130072262368039e+01
1.437465258476931673e+01
1.440800444691495308e+01
1.444135630906058942e+01
1.447470817120622577e+01
1.450806003335186212e+01
1.454141189549749846e+01
1.457476375764313481e+01
1.460811561978877116e+01
1.464146748193440750e+01
1.467481934408004385e+01
1.470817120622568019e+01
1.474152306837131654e+01
1.477487493051695289e+01
1.480822679266258923e+01
1.484157865480822736e+01
1.487493051695386370e+01
1.490828237909950005e+01
1.494163424124513639e+01
1.497498610339077274e+01
1.500833796553640909e+01
1.504168982768204543e+01
1.507504168982768178e+01
1.510839355197331813e+01
1.514174541411895447e+01
1.517509727626459082e+01
1.520844913841022716e+01
1.524180100055586351e+01
1.527515286270149986e+01
1.530850472484713620e+01
1.534185658699277433e+01
1.537520844913841067e+01
1.540856031128404702e+01
1.544191217342968336e+01
1.547526403557531971e+01
1.550861589772095606e+01
1.554196775986659240e+01
1.557531962201222875e+01
1.560867148415786509e+01
1.564202334630350144e+01
1.567537520844913779e+01
1.570872707059477413e+01
1.574207893274041048e+01
1.577543079488604683e+01
1.580878265703168317e+01
1.584213451917732129e+01
1.587548638132295764e+01
1.590883824346859399e+01
1.594219010561423033e+01
1.597554196775986668e+01
1.600889382990550303e+01
1.604224569205113937e+01
1.607559755419677572e+01
1.610894941634241206e+01
1.614230127848804841e+01
1.617565314063368476e+01
1.620900500277932110e+01
1.624235686492495745e+01
1.627570872707059380e+01
1.630906058921623014e+01
1.634241245136186649e+01
1.637576431350750283e+01
1.640911617565313918e+01
1.644246803779877553e+01
1.647581989994441187e+01
1.650917176209004822e+01
1.654252362423568457e+01
1.657587548638132446e+01
1.660922734852696081e+01
1.664257921067259716e+01
1.667593107281823350e+01
1.670928293496386985e+01
1.674263479710950620e+01
1.677598665925514254e+01
1.680933852140077889e+01
1.684269038354641523e+01
1.687604224569205158e+01
1.690939410783768793e+01
1.694274596998332427e+01
1.697609783212896062e+01
1.700944969427459696e+01
1.704280155642023331e+01
1.707615341856586966e+01
1.710950528071150600e+01
1.714285714285714235e+01
1.717620900500277870e+01
1.720956086714841504e+01
1.724291272929405139e+01
1.727626459143968773e+01
1.730961645358532408e+01
1.734296831573096043e+01
1.737632017787659677e+01
1.740967204002223312e+01
1.744302390216786947e+01
1.747637576431350581e+01
1.750972762645914216e+01
1.754307948860477850e+01
1.757643135075041485e+01
1.760978321289605475e+01
1.764313507504169110e+01
1.767648693718732744e+01
1.770983879933296379e+01
1.774319066147860013e+01
1.777654252362423648e+01
1.780989438576987283e+01
1.784324624791550917e+01
1.787659811006114552e+01
1.790994997220678187e+01
1.794330183435241821e+01
1.797665369649805456e+01
1.801000555864369090e+01
1.804335742078932725e+01
1.807670928293496360e+01
1.811006114508059994e+01
1.814341300722623629e+01
1.817676486937187263e+01
1.821011673151750898e+01
1.824346859366314533e+01
1.827682045580878167e+01
1.831017231795441802e+01
1.834352418010005437e+01
1.837687604224569071e+01
1.841022790439132706e+01
1.844357976653696340e+01
1.847693162868259975e+01
1.851028349082823610e+01
1.854363535297387244e+01
1.857698721511950879e+01
1.861033907726514869e+01
1.864369093941078503e+01
1.867704280155642138e+01
1.871039466370205773e+01
1.874374652584769407e+01
1.877709838799333042e+01
1.881045025013896677e+01
1.884380211228460311e+01
1.887715397443023946e+01
1.891050583657587580e+01
1.894385769872151215e+01
1.897720956086714850e+01
1.901056142301278484e+01
1.904391328515842119e+01
1.907726514730405754e+01
1.911061700944969388e+01
1.914396887159533023e+01
1.917732073374096657e+01
1.921067259588660292e+01
1.924402445803223927e+01
1.927737632017787561e+01
1.931072818232351196e+01
1.934408004446914831e+01
1.937743190661478465e+01
1.941078376876042100e+01
1.944413563090605734e+01
1.947748749305169369e+01
1.951083935519733004e+01
1.954419121734296638e+01
1.957754307948860273e+01
1.961089494163424263e+01
1.964424680377987897e+01
1.967759866592551532e+01
1.971095052807115167e+01
1.974430239021678801e+01
1.977765425236242436e+01
1.981100611450806070e+01
1.984435797665369705e+01
1.987770983879933340e+01
1.991106170094496974e+01
1.994441356309060609e+01
1.997776542523624244e+01
2.001111728738187878e+01
2.004446914952751513e+01
2.007782101167315147e+01
2.011117287381878782e+01
2.014452473596442417e+01
2.017787659811006051e+01
2.021122846025569686e+01
2.024458032240133321e+01
2.027793218454696955e+01
2.031128404669260590e+01
2.034463590883824224e+01
2.037798777098387859e+01
2.041133963312951494e+01
2.044469149527515128e+01
2.047804335742078763e+01
2.051139521956642398e+01
2.054474708171206032e+01
2.057809894385769667e+01
2.061145080600333657e+01
2.064480266814897291e+01
2.067815453029460926e+01
2.071150639244024561e+01
2.074485825458588195e+01
2.077821011673151830e+01
2.081156197887715464e+01
2.084491384102279099e+01
2.087826570316842734e+01
2.091161756531406368e+01
2.094496942745970003e+01
2.097832128960533637e+01
2.101167315175097272e+01
2.104502501389660907e+01
2.107837687604224541e+01
2.111172873818788176e+01
2.114508060033351811e+01
2.117843246247915445e+01
2.121178432462479080e+01
2.124513618677042714e+01
2.127848804891606349e+01
2.131183991106169984e+01
2.134519177320733618e+01
2.137854363535297253e+01
2.141189549749860888e+01
2.144524735964424522e+01
2.147859922178988157e+01
2.151195108393551791e+01
2.154530294608115426e+01
2.157865480822679061e+01
2.161200667037243051e+01
2.164535853251806685e+01
2.167871039466370320e+01
2.171206225680933954e+01
2.174541411895497589e+01
2.177876598110061224e+01
2.181211784324624858e+01
2.184546970539188493e+01
2.187882156753752128e+01
2.191217342968315762e+01
2.194552529182879397e+01
2.197887715397443031e+01
2.201222901612006666e+01
2.204558087826570301e+01
2.207893274041133935e+01
2.211228460255697570e+01
2.214563646470261205e+01
2.217898832684824839e+01
2.221234018899388474e+01
2.224569205113952108e+01
2.227904391328515743e+01
2.231239577543079378e+01
2.234574763757643012e+01
2.237909949972206647e+01
2.241245136186770281e+01
2.244580322401333916e+01
2.247915508615897551e+01
2.251250694830461185e+01
2.254585881045024820e+01
2.257921067259588455e+01
2.261256253474152444e+01
2.264591439688716079e+01
2.267926625903279714e+01
2.271261812117843348e+01
2.274596998332406983e+01
2.277932184546970618e+01
2.281267370761534252e+01
2.284602556976097887e+01
2.287937743190661521e+01
2.291272929405225156e+01
2.294608115619788791e+01
2.297943301834352425e+01
2.301278488048916060e+01
2.304613674263479695e+01
2.307948860478043329e+01
2.311284046692606964e+01
2.314619232907170598e+01
2.317954419121734233e+01
2.321289605336297868e+01
2.324624791550861502e+01
2.327959977765425137e+01
2.331295163979988772e+01
2.334630350194552406e+01
2.337965536409116041e+01
2.341300722623679675e+01
2.344635908838243310e+01
2.347971095052806945e+01
2.351306281267370579e+01
2.354641467481934214e+01
2.357976653696497849e+01
2.361311839911061838e+01
2.364647026125625473e+01
2.367982212340189108e+01
2.371317398554752742e+01
2.374652584769316377e+01
2.377987770983880011e+01
2.381322957198443646e+01
2.384658143413007281e+01
2.387993329627570915e+01
2.391328515842134550e+01
2.394663702056698185e+01
2.397998888271261819e+01
2.401334074485825454e+01
2.404669260700389088e+01
2.408004446914952723e+01
2.411339633129516358e+01
2.414674819344079992e+01
2.418010005558643627e+01
2.421345191773207262e+01
2.424680377987770896e+01
2.428015564202334531e+01
2.431350750416898165e+01
2.434685936631461800e+01
2.438021122846025435e+01
2.441356309060589069e+01
2.444691495275152704e+01
2.448026681489716339e+01
2.451361867704279973e+01
2.454697053918843608e+01
2.458032240133407242e+01
2.461367426347971232e+01
2.464702612562534867e+01
2.468037798777098502e+01
2.471372984991662136e+01
2.474708171206225771e+01
2.478043357420789405e+01
2.481378543635353040e+01
2.484713729849916675e+01
2.488048916064480309e+01
2.491384102279043944e+01
2.494719288493607579e+01
2.498054474708171213e+01
2.501389660922734848e+01
2.504724847137298482e+01
2.508060033351862117e+01
2.511395219566425752e+01
2.514730405780989386e+01
2.518065591995553021e+01
2.521400778210116655e+01
2.524735964424680290e+01
2.528071150639243925e+01
2.531406336853807559e+01
2.534741523068371194e+01
2.538076709282934829e+01
2.541411895497498463e+01
2.544747081712062098e+01
2.548082267926625732e+01
2.551417454141189367e+01
2.554752640355753002e+01
2.558087826570316636e+01
2.561423012784880626e+01
2.564758198999444261e+01
2.568093385214007895e+01
2.571428571428571530e+01
2.574763757643135165e+01
2.578098943857698799e+01
2.581434130072262434e+01
2.584769316286826069e+01
2.588104502501389703e+01
2.591439688715953338e+01
2.594774874930516972e+01
2.598110061145080607e+01
2.601445247359644242e+01
2.604780433574207876e+01
2.608115619788771511e+01
2.611450806003335146e+01
2.614785992217898780e+01
2.618121178432462415e+01
2.621456364647026049e+01
2.624791550861589684e+01
2.628126737076153319e+01
2.631461923290716953e+01
2.634797109505280588e+01
2.638132295719844223e+01
2.641467481934407857e+01
2.644802668148971492e+01
2.648137854363535126e+01
2.651473040578098761e+01
2.654808226792662396e+01
2.658143413007226030e+01
2.661478599221789665e+01
2.664813785436353655e+01
2.668148971650917289e+01
2.671484157865480924e+01
2.674819344080044559e+01
2.678154530294608193e+01
2.681489716509171828e+01
2.684824902723735462e+01
2.688160088938299097e+01
2.691495275152862732e+01
2.694830461367426366e+01
2.698165647581990001e+01
2.701500833796553636e+01
2.704836020011117270e+01
2.708171206225680905e+01
2.711506392440244539e+01
2.714841578654808174e+01
2.718176764869371809e+01
2.721511951083935443e+01
2.724847137298499078e+01
2.728182323513062713e+01
2.731517509727626347e+01
2.734852695942189982e+01
2.738187882156753616e+01
2.741523068371317251e+01
2.744858254585880886e+01
2.748193440800444520e+01
2.751528627015008155e+01
2.754863813229571790e+01
2.758198999444135424e+01
2.761534185658699059e+01
2.764869371873263049e+01
2.768204558087826683e+01
2.771539744302390318e+01
2.774874930516953953e+01
2.778210116731517587e+01
2.781545302946081222e+01
2.784880489160644856e+01
2.788215675375208491e+01
2.791550861589772126e+01
2.794886047804335760e+01
2.798221234018899395e+01
2.801556420233463029e+01
2.804891606448026664e+01
2.808226792662590299e+01
2.811561978877153933e+01
2.814897165091717568e+01
2.818232351306281203e+01
2.821567537520844837e+01
2.824902723735408472e+01
2.828237909949972106e+01
2.831573096164535741e+01
2.834908282379099376e+01
2.838243468593663010e+01
2.841578654808226645e+01
2.844913841022790280e+01
2.848249027237353914e+01
2.851584213451917549e+01
2.854919399666481183e+01
2.858254585881044818e+01
2.861589772095608453e+01
2.864924958310172443e+01
2.868260144524736077e+01
2.871595330739299712e+01
2.874930516953863346e+01
2.878265703168426981e+01
2.881600889382990616e+01
2.884936075597554250e+01
2.888271261812117885e+01
2.891606448026681520e+01
2.894941634241245154e+01
2.898276820455808789e+01
2.901612006670372423e+01
2.904947192884936058e+01
2.908282379099499693e+01
2.911617565314063327e+01
2.914952751528626962e+01
2.918287937743190597e+01
2.921623123957754231e+01
2.924958310172317866e+01
2.928293496386881500e+01
2.931628682601445135e+01
2.934963868816008770e+01
2.938299055030572404e+01
2.941634241245136039e+01
2.944969427459699673e+01
2.948304613674263308e+01
2.951639799888826943e+01
2.954974986103390577e+01
2.958310172317954212e+01
2.961645358532517847e+01
2.964980544747081836e+01
2.968315730961645471e+01
2.971650917176209106e+01
2.974986103390772740e+01
2.978321289605336375e+01
2.981656475819900010e+01
2.984991662034463644e+01
2.988326848249027279e+01
2.991662034463590913e+01
2.994997220678154548e+01
2.998332406892718183e+01
3.001667593107281817e+01
3.005002779321845452e+01
3.008337965536409087e+01
3.011673151750972721e+01
3.015008337965536356e+01
3.018343524180099990e+01
3.021678710394663625e+01
3.025013896609227260e+01
3.028349082823790894e+01
3.031684269038354529e+01
3.035019455252918164e+01
3.038354641467481798e+01
3.041689827682045433e+01
3.045025013896609067e+01
3.048360200111172702e+01
3.051695386325736337e+01
3.055030572540299971e+01
3.058365758754863606e+01
3.061700944969427240e+01
3.065036131183991230e+01
3.068371317398554865e+01
3.071706503613118500e+01
3.075041689827682134e+01
3.078376876042245769e+01
3.081712062256809403e+01
3.085047248471373038e+01
3.088382434685936673e+01
3.091717620900500307e+01
3.095052807115063942e+01
3.098387993329627577e+01
3.101723179544191211e+01
3.105058365758754846e+01
3.108393551973318480e+01
3.111728738187882115e+01
3.115063924402445750e+01
3.118399110617009384e+01
3.121734296831573019e+01
3.125069483046136654e+01
3.128404669260700288e+01
3.131739855475263923e+01
3.135075041689827557e+01
3.138410227904391192e+01
3.141745414118954827e+01
3.145080600333518461e+01
3.148415786548082096e+01
3.151750972762645731e+01
3.155086158977209365e+01
3.158421345191773000e+01
3.161756531406336634e+01
3.165091717620900624e+01
3.168426903835464259e+01
3.171762090050027894e+01
3.175097276264591528e+01
3.178432462479155163e+01
3.181767648693718797e+01
3.185102834908282432e+01
3.188438021122846067e+01
3.191773207337409701e+01
3.195108393551973336e+01
3.198443579766536971e+01
3.201778765981100605e+01
3.205113952195664240e+01
3.208449138410227874e+01
3.211784324624791509e+01
3.215119510839355144e+01
3.218454697053918778e+01
3.221789883268482413e+01
3.225125069483046047e+01
3.228460255697609682e+01
3.231795441912173317e+01
3.235130628126736951e+01
3.238465814341300586e+01
3.241801000555864221e+01
3.245136186770427855e+01
3.248471372984991490e+01
3.251806559199555124e+01
3.255141745414118759e+01
3.258476931628682394e+01
3.261812117843246028e+01
3.265147304057809663e+01
3.268482490272373298e+01
3.271817676486936932e+01
3.275152862701500567e+01
3.278488048916064201e+01
3.281823235130627836e+01
3.285158421345191471e+01
3.288493607559755105e+01
3.291828793774318740e+01
3.295163979988882375e+01
3.298499166203446009e+01
3.301834352418009644e+01
3.305169538632573278e+01
3.308504724847136913e+01
3.311839911061700548e+01
3.315175097276264893e+01
3.318510283490828527e+01
3.321845469705392162e+01
3.325180655919955797e+01
3.328515842134519431e+01
3.331851028349083066e+01
3.335186214563646701e+01
3.338521400778210335e+01
3.341856586992773970e+01
3.345191773207337604e+01
3.348526959421901239e+01
3.351862145636464874e+01
3.355197331851028508e+01
3.358532518065592143e+01
3.361867704280155777e+01
3.365202890494719412e+01
3.368538076709283047e+01
3.371873262923846681e+01
3.375208449138410316e+01
3.378543635352973951e+01
3.381878821567537585e+01
3.385214007782101220e+01
3.388549193996664854e+01
3.391884380211228489e+01
3.395219566425792124e+01
3.398554752640355758e+01
3.401889938854919393e+01
3.405225125069483028e+01
3.408560311284046662e+01
3.411895497498610297e+01
3.415230683713173931e+01
3.418565869927737566e+01
3.421901056142301201e+01
3.425236242356864835e+01
3.428571428571428470e+01
3.431906614785992105e+01
3.435241801000555739e+01
3.438576987215119374e+01
3.441912173429683008e+01
3.445247359644246643e+01
3.448582545858810278e+01
3.451917732073373912e+01
3.455252918287937547e+01
3.458588104502501182e+01
3.461923290717064816e+01
3.465258476931628451e+01
3.468593663146192085e+01
3.471928849360755720e+01
3.475264035575319355e+01
3.478599221789882989e+01
3.481934408004446624e+01
3.485269594219010258e+01
3.488604780433573893e+01
3.491939966648137528e+01
3.495275152862701162e+01
3.498610339077264797e+01
3.501945525291828432e+01
3.505280711506392066e+01
3.508615897720955701e+01
3.511951083935519335e+01
3.515286270150082970e+01
3.518621456364647315e+01
3.521956642579210950e+01
3.525291828793774584e+01
3.528627015008338219e+01
3.531962201222901854e+01
3.535297387437465488e+01
3.538632573652029123e+01
3.541967759866592758e+01
3.545302946081156392e+01
3.548638132295720027e+01
3.551973318510283661e+01
3.555308504724847296e+01
3.558643690939410931e+01
3.561978877153974565e+01
3.565314063368538200e+01
3.568649249583101835e+01
3.571984435797665469e+01
3.575319622012229104e+01
3.578654808226792738e+01
3.581989994441356373e+01
3.585325180655920008e+01
3.588660366870483642e+01
3.591995553085047277e+01
3.595330739299610912e+01
3.598665925514174546e+01
3.602001111728738181e+01
3.605336297943301815e+01
3.608671484157865450e+01
3.612006670372429085e+01
3.615341856586992719e+01
3.618677042801556354e+01
3.622012229016119989e+01
3.625347415230683623e+01
3.628682601445247258e+01
3.632017787659810892e+01
3.635352973874374527e+01
3.638688160088938162e+01
3.642023346303501796e+01
3.645358532518065431e+01
3.648693718732629065e+01
3.652028904947192700e+01
3.655364091161756335e+01
3.658699277376319969e+01
3.662034463590883604e+01
3.665369649805447239e+01
3.668704836020010873e+01
3.672040022234574508e+01
3.675375208449138142e+01
3.678710394663701777e+01
3.682045580878265412e+01
3.685380767092829046e+01
3.688715953307392681e+01
3.692051139521956316e+01
3.695386325736519950e+01
3.698721511951083585e+01
3.702056698165647219e+01
3.705391884380210854e+01
3.708727070594774489e+01
3.712062256809338123e+01
3.715397443023901758e+01
3.718732629238466103e+01
3.722067815453029738e+01
3.725403001667593372e+01
3.728738187882157007e+01
3.732073374096720642e+01
3.735408560311284276e+01
3.738743746525847911e+01
3.742078932740411545e+01
3.745414118954975180e+01
3.748749305169538815e+01
3.752084491384102449e+01
3.755419677598666084e+01
3.758754863813229719e+01
3.762090050027793353e+01
3.765425236242356988e+01
3.768760422456920622e+01
3.772095608671484257e+01
3.775430794886047892e+01
3.778765981100611526e+01
3.782101167315175161e+01
3.785436353529738795e+01
3.788771539744302430e+01
3.792106725958866065e+01
3.795441912173429699e+01
3.798777098387993334e+01
3.802112284602556969e+01
3.805447470817120603e+01
3.808782657031684238e+01
3.812117843246247872e+01
3.815453029460811507e+01
3.818788215675375142e+01
3.822123401889938776e+01
3.825458588104502411e+01
3.828793774319066046e+01
3.832128960533629680e+01
3.835464146748193315e+01
3.838799332962756949e+01
3.842134519177320584e+01
3.845469705391884219e+01
3.848804891606447853e+01
3.852140077821011488e+01
3.855475264035575123e+01
3.858810450250138757e+01
3.862145636464702392e+01
3.865480822679266026e+01
3.868816008893829661e+01
3.872151195108393296e+01
3.875486381322956930e+01
3.878821567537520565e+01
3.882156753752084200e+01
3.885491939966647834e+01
3.888827126181211469e+01
3.892162312395775103e+01
3.895497498610338738e+01
3.898832684824902373e+01
3.902167871039466007e+01
3.905503057254029642e+01
3.908838243468593276e+01
3.912173429683156911e+01
3.915508615897720546e+01
3.918843802112284891e+01
3.922178988326848526e+01
3.925514174541412160e+01
3.928849360755975795e+01
3.932184546970539429e+01
3.935519733185103064e+01
3.938854919399666699e+01
3.942190105614230333e+01
3.945525291828793968e+01
3.948860478043357602e+01
3.952195664257921237e+01
3.955530850472484872e+01
3.958866036687048506e+01
3.962201222901612141e+01
3.965536409116175776e+01
3.968871595330739410e+01
3.972206781545303045e+01
3.975541967759866679e+01
3.978877153974430314e+01
3.982212340188993949e+01
3.985547526403557583e+01
3.988882712618121218e+01
3.992217898832684853e+01
3.995553085047248487e+01
3.998888271261812122e+01
4.002223457476375756e+01
4.005558643690939391e+01
4.008893829905503026e+01
4.012229016120066660e+01
4.015564202334630295e+01
4.018899388549193930e+01
4.022234574763757564e+01
4.025569760978321199e+01
4.028904947192884833e+01
4.032240133407448468e+01
4.035575319622012103e+01
4.038910505836575737e+01
4.042245692051139372e+01
4.045580878265703006e+01
4.048916064480266641e+01
4.052251250694830276e+01
4.055586436909393910e+01
4.058921623123957545e+01
4.062256809338521180e+01
4.065591995553084814e+01
4.068927181767648449e+01
4.072262367982212083e+01
4.075597554196775718e+01
4.078932740411339353e+01
4.082267926625902987e+01
4.085603112840466622e+01
4.088938299055030257e+01
4.092273485269593891e+01
4.095608671484157526e+01
4.098943857698721160e+01
4.102279043913284795e+01
4.105614230127848430e+01
4.108949416342412064e+01
4.112284602556975699e+01
4.115619788771539334e+01
4.118954974986103679e+01
4.122290161200667313e+01
4.125625347415230948e+01
4.128960533629794583e+01
4.132295719844358217e+01
4.135630906058921852e+01
4.138966092273485486e+01
4.142301278488049121e+01
4.145636464702612756e+01
4.148971650917176390e+01
4.152306837131740025e+01
4.155642023346303660e+01
4.158977209560867294e+01
4.162312395775430929e+01
4.165647581989994563e+01
4.168982768204558198e+01
4.172317954419121833e+01
4.175653140633685467e+01
4.178988326848249102e+01
4.182323513062812737e+01
4.185658699277376371e+01
4.188993885491940006e+01
4.192329071706503640e+01
4.195664257921067275e+01
4.198999444135630910e+01
4.202334630350194544e+01
4.205669816564758179e+01
4.209005002779321813e+01
4.212340188993885448e+01
4.215675375208449083e+01
4.219010561423012717e+01
4.222345747637576352e+01
4.225680933852139987e+01
4.229016120066703621e+01
4.232351306281267256e+01
4.235686492495830890e+01
4.239021678710394525e+01
4.242356864924958160e+01
4.245692051139521794e+01
4.249027237354085429e+01
4.252362423568649064e+01
4.255697609783212698e+01
4.259032795997776333e+01
4.262367982212339967e+01
4.265703168426903602e+01
4.269038354641467237e+01
4.272373540856030871e+01
4.275708727070594506e+01
4.279043913285158141e+01
4.282379099499721775e+01
4.285714285714285410e+01
4.289049471928849044e+01
4.292384658143412679e+01
4.295719844357976314e+01
4.299055030572539948e+01
4.302390216787103583e+01
4.305725403001667217e+01
4.309060589216230852e+01
4.312395775430794487e+01
4.315730961645358121e+01
4.319066147859921756e+01
4.322401334074486101e+01
4.325736520289049736e+01
4.329071706503613370e+01
4.332406892718177005e+01
4.335742078932740640e+01
4.339077265147304274e+01
4.342412451361867909e+01
4.345747637576431543e+01
4.349082823790995178e+01
4.352418010005558813e+01
4.355753196220122447e+01
4.359088382434686082e+01
4.362423568649249717e+01
4.365758754863813351e+01
4.369093941078376986e+01
4.372429127292940620e+01
4.375764313507504255e+01
4.379099499722067890e+01
4.382434685936631524e+01
4.385769872151195159e+01
4.389105058365758794e+01
4.392440244580322428e+01
4.395775430794886063e+01
4.399110617009449697e+01
4.402445803224013332e+01
4.405780989438576967e+01
4.409116175653140601e+01
4.412451361867704236e+01
4.415786548082267871e+01
4.419121734296831505e+01
4.422456920511395140e+01
4.425792106725958774e+01
4.429127292940522409e+01
4.432462479155086044e+01
4.435797665369649678e+01
4.439132851584213313e+01
4.442468037798776948e+01
4.445803224013340582e+01
4.449138410227904217e+01
4.452473596442467851e+01
4.455808782657031486e+01
4.459143968871595121e+01
4.462479155086158755e+01
4.465814341300722390e+01
4.469149527515286024e+01
4.472484713729849659e+01
4.475819899944413294e+01
4.479155086158976928e+01
4.482490272373540563e+01
4.485825458588104198e+01
4.489160644802667832e+01
4.492495831017231467e+01
4.495831017231795101e+01
4.499166203446358736e+01
4.502501389660922371e+01
4.505836575875486005e+01
4.509171762090049640e+01
4.512506948304613275e+01
4.515842134519176909e+01
4.519177320733740544e+01
4.522512506948304889e+01
4.525847693162868524e+01
4.529182879377432158e+01
4.532518065591995793e+01
4.535853251806559427e+01
4.539188438021123062e+01
4.542523624235686697e+01
4.545858810450250331e+01
4.549193996664813966e+01
4.552529182879377601e+01
4.555864369093941235e+01
4.559199555308504870e+01
4.562534741523068504e+01
4.565869927737632139e+01
4.569205113952195774e+01
4.572540300166759408e+01
4.575875486381323043e+01
4.579210672595886678e+01
4.582545858810450312e+01
4.585881045025013947e+01
4.589216231239577581e+01
4.592551417454141216e+01
4.595886603668704851e+01
4.599221789883268485e+01
4.602556976097832120e+01
4.605892162312395754e+01
4.609227348526959389e+01
4.612562534741523024e+01
4.615897720956086658e+01
4.619232907170650293e+01
4.622568093385213928e+01
4.625903279599777562e+01
4.629238465814341197e+01
4.632573652028904831e+01
4.635908838243468466e+01
4.639244024458032101e+01
4.642579210672595735e+01
4.645914396887159370e+01
4.649249583101723005e+01
4.652584769316286639e+01
4.655919955530850274e+01
4.659255141745413908e+01
4.662590327959977543e+01
4.665925514174541178e+01
4.669260700389104812e+01
4.672595886603668447e+01
4.675931072818232082e+01
4.679266259032795716e+01
4.682601445247359351e+01
4.685936631461922985e+01
4.689271817676486620e+01
4.692607003891050255e+01
4.695942190105613889e+01
4.699277376320177524e+01
4.702612562534741159e+01
4.705947748749304793e+01
4.709282934963868428e+01
4.712618121178432062e+01
4.715953307392995697e+01
4.719288493607559332e+01
4.722623679822123677e+01
4.725958866036687311e+01
4.729294052251250946e+01
4.732629238465814581e+01
4.735964424680378215e+01
4.739299610894941850e+01
4.742634797109505485e+01
4.745969983324069119e+01
4.749305169538632754e+01
4.752640355753196388e+01
4.755975541967760023e+01
4.759310728182323658e+01
4.762645914396887292e+01
4.765981100611450927e+01
4.769316286826014561e+01
4.772651473040578196e+01
4.775986659255141831e+01
4.779321845469705465e+01
4.782657031684269100e+01
4.785992217898832735e+01
4.789327404113396369e+01
4.792662590327960004e+01
4.795997776542523638e+01
4.799332962757087273e+01
4.802668148971650908e+01
4.806003335186214542e+01
4.809338521400778177e+01
4.812673707615341812e+01
4.816008893829905446e+01
4.819344080044469081e+01
4.822679266259032715e+01
4.826014452473596350e+01
4.829349638688159985e+01
4.832684824902723619e+01
4.836020011117287254e+01
4.839355197331850889e+01
4.842690383546414523e+01
4.846025569760978158e+01
4.849360755975541792e+01
4.852695942190105427e+01
4.856031128404669062e+01
4.859366314619232696e+01
4.862701500833796331e+01
4.866036687048359966e+01
4.869371873262923600e+01
4.872707059477487235e+01
4.876042245692050869e+01
4.879377431906614504e+01
4.882712618121178139e+01
4.886047804335741773e+01
4.889382990550305408e+01
4.892718176764869042e+01
4.896053362979432677e+01
4.899388549193996312e+01
4.902723735408559946e+01
4.906058921623123581e+01
4.909394107837687216e+01
4.912729294052250850e+01
4.916064480266814485e+01
4.919399666481378119e+01
4.922734852695942465e+01
4.926070038910506099e+01
4.929405225125069734e+01
4.932740411339633368e+01
4.936075597554197003e+01
4.939410783768760638e+01
4.942745969983324272e+01
4.946081156197887907e+01
4.949416342412451542e+01
4.952751528627015176e+01
4.956086714841578811e+01
4.959421901056142445e+01
4.962757087270706080e+01
4.966092273485269715e+01
4.969427459699833349e+01
4.972762645914396984e+01
4.976097832128960619e+01
4.979433018343524253e+01
4.982768204558087888e+01
4.986103390772651522e+01
4.989438576987215157e+01
4.992773763201778792e+01
4.996108949416342426e+01
4.999444135630906061e+01
5.002779321845469696e+01
5.006114508060033330e+01
5.009449694274596965e+01
5.012784880489160599e+01
5.016120066703724234e+01
5.019455252918287869e+01
5.022790439132851503e+01
5.026125625347415138e+01
5.029460811561978772e+01
5.032795997776542407e+01
5.036131183991106042e+01
5.039466370205669676e+01
5.042801556420233311e+01
5.046136742634796946e+01
5.049471928849360580e+01
5.052807115063924215e+01
5.056142301278487849e+01
5.059477487493051484e+01
5.062812673707615119e+01
5.066147859922178753e+01
5.069483046136742388e+01
5.072818232351306023e+01
5.076153418565869657e+01
5.079488604780433292e+01
5.082823790994996926e+01
5.086158977209560561e+01
5.089494163424124196e+01
5.092829349638687830e+01
5.096164535853251465e+01
5.099499722067815100e+01
5.102834908282378734e+01
5.106170094496942369e+01
5.109505280711506003e+01
5.112840466926069638e+01
5.116175653140633273e+01
5.119510839355196907e+01
5.122846025569761252e+01
5.126181211784324887e+01
5.129516397998888522e+01
5.132851584213452156e+01
5.136186770428015791e+01
5.139521956642579426e+01
5.142857142857143060e+01
5.146192329071706695e+01
5.149527515286270329e+01
5.152862701500833964e+01
5.156197887715397599e+01
5.159533073929961233e+01
5.162868260144524868e+01
5.166203446359088503e+01
5.169538632573652137e+01
5.172873818788215772e+01
5.176209005002779406e+01
5.179544191217343041e+01
5.182879377431906676e+01
5.186214563646470310e+01
5.189549749861033945e+01
5.192884936075597579e+01
5.196220122290161214e+01
5.199555308504724849e+01
5.202890494719288483e+01
5.206225680933852118e+01
5.209560867148415753e+01
5.212896053362979387e+01
5.216231239577543022e+01
5.219566425792106656e+01
5.222901612006670291e+01
5.226236798221233926e+01
5.229571984435797560e+01
5.232907170650361195e+01
5.236242356864924830e+01
5.239577543079488464e+01
5.242912729294052099e+01
5.246247915508615733e+01
5.249583101723179368e+01
5.252918287937743003e+01
5.256253474152306637e+01
5.259588660366870272e+01
5.262923846581433907e+01
5.266259032795997541e+01
5.269594219010561176e+01
5.272929405225124810e+01
5.276264591439688445e+01
5.279599777654252080e+01
5.282934963868815714e+01
5.286270150083379349e+01
5.289605336297942983e+01
5.292940522512506618e+01
5.296275708727070253e+01
5.299610894941633887e+01
5.302946081156197522e+01
5.306281267370761157e+01
5.309616453585324791e+01
5.312951639799888426e+01
5.316286826014452060e+01
5.319622012229015695e+01
5.322957198443579330e+01
5.326292384658143675e+01
5.329627570872707309e+01
5.332962757087270944e+01
5.336297943301834579e+01
5.339633129516398213e+01
5.342968315730961848e+01
5.346303501945525483e+01
5.349638688160089117e+01
5.352973874374652752e+01
5.356309060589216386e+01
5.359644246803780021e+01
5.362979433018343656e+01
5.366314619232907290e+01
5.369649805447470925e+01
5.372984991662034560e+01
5.376320177876598194e+01
5.379655364091161829e+01
5.382990550305725463e+01
5.386325736520289098e+01
5.389660922734852733e+01
5.392996108949416367e+01
5.396331295163980002e+01
5.399666481378543637e+01
5.403001667593107271e+01
5.406336853807670906e+01
5.409672040022234540e+01
5.413007226236798175e+01
5.416342412451361810e+01
5.419677598665925444e+01
5.423012784880489079e+01
5.426347971095052714e+01
5.429683157309616348e+01
5.433018343524179983e+01
5.436353529738743617e+01
5.439688715953307252e+01
5.443023902167870887e+01
5.446359088382434521e+01
5.449694274596998156e+01
5.453029460811561790e+01
5.456364647026125425e+01
5.459699833240689060e+01
5.463035019455252694e+01
5.466370205669816329e+01
5.469705391884379964e+01
5.473040578098943598e+01
5.476375764313507233e+01
5.479710950528070867e+01
5.483046136742634502e+01
5.486381322957198137e+01
5.489716509171761771e+01
5.493051695386325406e+01
5.496386881600889041e+01
5.499722067815452675e+01
5.503057254030016310e+01
5.506392440244579944e+01
5.509727626459143579e+01
5.513062812673707214e+01
5.516397998888270848e+01
5.519733185102834483e+01
5.523068371317398118e+01
5.526403557531962463e+01
5.529738743746526097e+01
5.533073929961089732e+01
5.536409116175653367e+01
5.539744302390217001e+01
5.543079488604780636e+01
5.546414674819344270e+01
5.549749861033907905e+01
5.553085047248471540e+01
5.556420233463035174e+01
5.559755419677598809e+01
5.563090605892162444e+01
5.566425792106726078e+01
5.569760978321289713e+01
5.573096164535853347e+01
5.576431350750416982e+01
5.579766536964980617e+01
5.583101723179544251e+01
5.586436909394107886e+01
5.589772095608671520e+01
5.593107281823235155e+01
5.596442468037798790e+01
5.599777654252362424e+01
5.603112840466926059e+01
5.606448026681489694e+01
5.609783212896053328e+01
5.613118399110616963e+01
5.616453585325180597e+01
5.619788771539744232e+01
5.623123957754307867e+01
5.626459143968871501e+01
5.629794330183435136e+01
5.633129516397998771e+01
5.636464702612562405e+01
5.639799888827126040e+01
5.643135075041689674e+01
5.646470261256253309e+01
5.649805447470816944e+01
5.653140633685380578e+01
5.656475819899944213e+01
5.659811006114507848e+01
5.663146192329071482e+01
5.666481378543635117e+01
5.669816564758198751e+01
5.673151750972762386e+01
5.676486937187326021e+01
5.679822123401889655e+01
5.683157309616453290e+01
5.686492495831016925e+01
5.689827682045580559e+01
5.693162868260144194e+01
5.696498054474707828e+01
5.699833240689271463e+01
5.703168426903835098e+01
5.706503613118398732e+01
5.709838799332962367e+01
5.713173985547526001e+01
5.716509171762089636e+01
5.719844357976653271e+01
5.723179544191216905e+01
5.726514730405781251e+01
5.729849916620344885e+01
5.733185102834908520e+01
5.736520289049472154e+01
5.739855475264035789e+01
5.743190661478599424e+01
5.746525847693163058e+01
5.749861033907726693e+01
5.753196220122290327e+01
5.756531406336853962e+01
5.759866592551417597e+01
5.763201778765981231e+01
5.766536964980544866e+01
5.769872151195108501e+01
5.773207337409672135e+01
5.776542523624235770e+01
5.779877709838799404e+01
5.783212896053363039e+01
5.786548082267926674e+01
5.789883268482490308e+01
5.793218454697053943e+01
5.796553640911617578e+01
5.799888827126181212e+01
5.803224013340744847e+01
5.806559199555308481e+01
5.809894385769872116e+01
5.813229571984435751e+01
5.816564758198999385e+01
5.819899944413563020e+01
5.823235130628126655e+01
5.826570316842690289e+01
5.829905503057253924e+01
5.833240689271817558e+01
5.836575875486381193e+01
5.839911061700944828e+01
5.843246247915508462e+01
5.846581434130072097e+01
5.849916620344635731e+01
5.853251806559199366e+01
5.856586992773763001e+01
5.859922178988326635e+01
5.863257365202890270e+01
5.866592551417453905e+01
5.869927737632017539e+01
5.873262923846581174e+01
5.876598110061144808e+01
5.879933296275708443e+01
5.883268482490272078e+01
5.886603668704835712e+01
5.889938854919399347e+01
5.893274041133962982e+01
5.896609227348526616e+01
5.899944413563090251e+01
5.903279599777653885e+01
5.906614785992217520e+01
5.909949972206781155e+01
5.913285158421344789e+01
5.916620344635908424e+01
5.919955530850472059e+01
5.923290717065035693e+01
5.926625903279600038e+01
5.929961089494163673e+01
5.933296275708727308e+01
5.936631461923290942e+01
5.939966648137854577e+01
5.943301834352418211e+01
5.946637020566981846e+01
5.949972206781545481e+01
5.953307392996109115e+01
5.956642579210672750e+01
5.959977765425236385e+01
5.963312951639800019e+01
5.966648137854363654e+01
5.969983324068927288e+01
5.973318510283490923e+01
5.976653696498054558e+01
5.979988882712618192e+01
5.983324068927181827e+01
5.986659255141745462e+01
5.989994441356309096e+01
5.993329627570872731e+01
5.996664813785436365e+01
6.000000000000000000e+01
