2.731421598372737666e-02
5.595327638077111747e-03
5.408470893744721751e-03
5.380557616671355695e-03
5.377058643175830835e-03
5.371854054009059937e-03
5.366914948178412928e-03
5.360733147779859868e-03
5.353718203458544649e-03
5.345708124443169541e-03
5.336747049615941756e-03
5.326811290291401033e-03
5.315901249242483903e-03
5.304010320508660038e-03
5.291135308770922654e-03
5.277272976744983891e-03
5.262421195566571383e-03
5.246578579211431427e-03
5.229744611625713330e-03
5.211919613260861117e-03
5.193104757281948557e-03
5.173302068492240807e-03
5.152514426012386357e-03
5.130745563166334670e-03
5.108000066568894187e-03
5.084283373801486497e-03
5.059601769855032530e-03
5.033962382286558644e-03
5.007373175104991130e-03
4.979842941392005964e-03
4.951381294667515573e-03
4.921998659005786918e-03
4.891706257921129772e-03
4.860516102040413067e-03
4.828440975582408944e-03
4.795494421668016448e-03
4.761690726486801986e-03
4.727044902350323492e-03
4.691572669661926362e-03
4.655290437841102212e-03
4.618215285235537614e-03
4.580364938062964075e-03
4.541757748425159086e-03
4.502412671434584922e-03
4.462349241504293129e-03
4.421587547846473308e-03
4.380148209233623857e-03
4.338052355395197873e-03
4.295321581131849621e-03
4.251977931081534455e-03
4.208043879712563065e-03
4.163542287006384048e-03
4.118496387889863594e-03
4.072929752983527399e-03
4.026866258157638968e-03
3.980330057658124608e-03
3.933345554329149840e-03
3.885937369905607345e-03
3.838130315257820210e-03
3.789949360659865610e-03
3.741419605875503148e-03
3.692566251021067204e-03
3.643414567030426286e-03
3.593989866542680617e-03
3.544317474929080392e-03
3.494422701887201638e-03
3.444330812850514983e-03
3.394067001189298403e-03
3.343656360963982201e-03
3.293123860729440643e-03
3.242494317885557566e-03
3.191792376007842637e-03
3.141042508737448575e-03
3.090268883188691633e-03
3.039495474498282376e-03
2.988745977050363042e-03
2.938043789495124649e-03
2.887411995649246093e-03
2.836873343118560212e-03
2.786450237605977206e-03
2.736164685177109625e-03
2.686038309908085706e-03
2.636092345449608625e-03
2.586347584073119855e-03
2.536824389666541245e-03
2.487542739007024984e-03
2.438521999013334648e-03
2.389781137475184558e-03
2.341338660545744070e-03
2.293212550309368155e-03
2.245420224256421300e-03
2.197978735525886896e-03
2.150904506225273863e-03
2.104213439083333671e-03
2.057920906037459877e-03
2.012041741118906265e-03
1.966590235551241971e-03
1.921580134255402358e-03
1.877024633393053641e-03
1.832936378809931627e-03
1.789327465284844352e-03
1.746209436543094944e-03
1.703593285989700879e-03
1.661489458156121700e-03
1.619907850805387805e-03
1.578857817682422556e-03
1.538348171887349552e-03
1.498387189845523096e-03
1.458982615847778316e-03
1.420141725019908457e-03
1.381871100539376531e-03
1.344176888443836607e-03
1.307064914601349659e-03
1.270540278493938538e-03
1.234607622954100176e-03
1.199271211102517862e-03
1.164534700756779916e-03
1.130401331663391041e-03
1.096873879179888125e-03
1.063954665319239573e-03
1.031645565566341243e-03
9.999480155054598328e-04
9.688629920908812566e-04
9.383911406848977673e-04
9.085326509582973380e-04
8.792873146217036620e-04
8.506545361692319012e-04
8.226333432773798521e-04
7.952223967471509173e-04
7.684200001254780973e-04
7.422241096719673498e-04
7.166323442462851565e-04
6.916419951697126960e-04
6.672500360392560892e-04
6.434531323602734514e-04
6.202476512754389465e-04
5.976296711217997555e-04
5.755949904867039592e-04
5.541391372842804485e-04
5.332573776045681450e-04
5.129447243171022684e-04
4.931959454269028726e-04
4.740055729335246239e-04
4.553679176778542038e-04
4.372770544333041314e-04
4.197268464743676361e-04
4.027109621715782226e-04
3.862228734521310197e-04
3.702558629804556488e-04
3.548030311499195556e-04
3.398573029037023872e-04
3.254114344030399663e-04
3.114580195653000351e-04
2.979894964975154329e-04
2.849982209987870444e-04
2.724762410483148921e-04
2.604155704625269949e-04
2.488080924155448284e-04
2.376455647065452842e-04
2.269196264820442068e-04
2.166218031777351611e-04
2.067435023108860916e-04
1.972761324725352469e-04
1.882108583249410315e-04
1.795388649079509517e-04
1.712512544458700040e-04
1.633390471670278545e-04
1.557932191903180674e-04
1.486047168688829829e-04
1.417644545621678069e-04
1.352632562689616677e-04
1.290920717766913918e-04
1.232418154770600731e-04
1.177034252706811186e-04
1.124678575383710887e-04
1.075262305679907391e-04
1.028693471300375041e-04
9.848870685366173990e-05
9.437545377919364081e-05
9.052145396879694413e-05
8.691753665735456325e-05
8.355628273652710011e-05
8.042929136274770208e-05
7.752875538927543001e-05
7.484709730176794442e-05
7.237699737403532983e-05
7.011141671584198874e-05
6.804361878699500404e-05
6.616718723125429602e-05
6.447604474938366638e-05
6.296447123974887152e-05
6.162713290946259491e-05
6.045907304942440435e-05
5.945574127898207778e-05
5.861300846370852370e-05
5.792717897425795639e-05
5.739500119255721753e-05
5.701367610292981778e-05
5.678086380217248577e-05
5.669468775532928665e-05
5.675373662027052152e-05
5.695706345408279865e-05
5.730418211764199039e-05
5.779506067945975949e-05
5.843011162750313394e-05
5.921017868838163406e-05
6.013652007118798688e-05
6.121079624849767007e-05
6.243503196012778944e-05
6.381159105854825844e-05
6.534314589184057442e-05
6.703264026190351764e-05
6.888324837304296891e-05
7.089832884757078107e-05
7.308137717130814290e-05
7.543597456757815303e-05
7.796573646328422641e-05
8.067412514442954857e-05
8.356487661245615563e-05
8.664124905344209422e-05
8.990624800951371265e-05
9.336289901282154868e-05
9.701385920672791563e-05
1.008612650100637072e-04
1.049067869788876845e-04
1.091518331659647263e-04
1.135972507105523791e-04
1.182433911150931926e-04
1.230900987772802350e-04
1.281367154002924669e-04
1.333821333811970695e-04
1.388246456303790315e-04
1.444621654896277932e-04
1.502922384399964565e-04
1.563120733171775281e-04
1.625186049453538522e-04
1.689085701948375836e-04
1.754785923539722858e-04
1.822252800047473049e-04
1.891452679980412319e-04
1.962351665395852169e-04
2.034920505504288560e-04
2.109130241880110147e-04
2.184955331897192924e-04
2.262373759078220234e-04
2.341367359322389186e-04
2.421922058151199531e-04
2.504028007574389731e-04
2.587679620399648602e-04
2.672875501752875480e-04
2.759618293602066736e-04
2.847914439514854417e-04
2.937768716805087398e-04
3.029198788227865338e-04
3.122220530563570170e-04
3.216852164126024049e-04
3.313113818211544867e-04
3.411027094645547328e-04
3.510614638403533388e-04
3.611899729111863887e-04
3.714905894975780668e-04
3.819656557991269233e-04
3.926174715337883052e-04
4.034482658809539083e-04
4.144601740846517632e-04
4.256552176606702388e-04
4.370352818783135567e-04
4.486021023226342374e-04
4.603572737396314910e-04
4.723022408383595284e-04
4.844383223628762059e-04
4.967666594251037623e-04
5.092882404683654824e-04
5.220039055558818499e-04
5.349143518537046414e-04
5.480201400363208381e-04
5.613217013688991987e-04
5.748193450581176719e-04
5.885132655327316884e-04
6.024035493959604189e-04
6.164901818541075390e-04
6.307730524912147710e-04
6.452519602908038041e-04
6.599266178526741033e-04
6.747966539788590986e-04
6.898616168146539870e-04
7.051209764864876418e-04
7.205741253329167638e-04
7.362203782522655504e-04
7.520589723555389699e-04
7.680890661335309545e-04
7.843097381925170572e-04
8.007199856509083060e-04
8.173187222853768369e-04
8.341047765165816212e-04
8.510768893978456085e-04
8.682337124739211622e-04
8.855738053373795335e-04
9.030956342627822955e-04
9.207975705130262527e-04
9.386778890217870258e-04
9.567347669784279172e-04
9.749662833447865062e-04
9.933705160066197415e-04
1.011945227797145718e-03
1.030688197122543639e-03
1.049597097957335372e-03
1.068669500342830708e-03
1.087902880556615871e-03
1.107294616896369044e-03
1.126841989163826973e-03
1.146542179276997071e-03
1.166392274782877044e-03
1.186389276258866844e-03
1.206530083464189699e-03
1.226811485416628511e-03
1.247230172111772964e-03
1.267782956556888019e-03
1.288466306719268737e-03
1.309276714123654367e-03
1.330210645589960904e-03
1.351264295803088428e-03
1.372434249692583950e-03
1.393716552958872406e-03
1.415107405902465369e-03
1.436602927976143342e-03
1.458199003971300586e-03
1.479891815331824730e-03
1.501677357302420380e-03
1.523551592299537700e-03
1.545510455101724041e-03
1.567549858324484083e-03
1.589665697725967585e-03
1.611853857777844094e-03
1.634110217260557668e-03
1.656430654871133418e-03
1.678811054959841688e-03
1.701247313309371418e-03
1.723735342913514318e-03
1.746271079826433202e-03
1.768850489021347918e-03
1.791469570273368202e-03
1.814124364020722711e-03
1.836810957220456680e-03
1.859525489205798160e-03
1.882264157477929597e-03
1.905023223470032022e-03
1.927799018251987601e-03
1.950587948155573523e-03
1.973386500338048487e-03
1.996191248225774595e-03
2.018998856875319110e-03
2.041806088209224823e-03
2.064609806101507829e-03
2.087406981359305434e-03
2.110194696525730020e-03
2.132970150516632236e-03
2.155730663097759660e-03
2.178473679158073745e-03
2.201196772790821234e-03
2.223897651176037424e-03
2.246574158222718227e-03
2.269224277999657823e-03
2.291846137902751879e-03
2.314438118005990655e-03
2.336998554509063519e-03
2.359526001710065060e-03
2.382019178525313433e-03
2.404476964225019282e-03
2.426898397251309354e-03
2.449282698102725475e-03
2.471629205083884263e-03
2.493937429779564691e-03
2.516207047969204035e-03
2.538437897332760772e-03
2.560629898960585689e-03
2.582783274402476389e-03
2.604898364930693325e-03
2.626975650513695571e-03
2.649015759650105196e-03
2.671019455989544471e-03
2.692987683047329186e-03
2.714921525483973957e-03
2.736822208207550892e-03
2.758691097437320980e-03
2.780529699636170513e-03
2.802339651443570574e-03
2.824122706499726434e-03
2.845880763756762546e-03
2.867615851988967665e-03
2.889330115313943573e-03
2.911025801595933105e-03
2.932705261909772810e-03
2.954370946559054661e-03
2.976025398148114936e-03
2.997671244856679133e-03
3.019311193687976898e-03
3.040948023478576203e-03
3.062584577642756684e-03
3.084223756663329735e-03
3.105868510361671671e-03
3.127521829960398445e-03
3.149186739966971810e-03
3.170866289886534965e-03
3.192563545780736402e-03
3.214281581687594182e-03
3.236023433938632621e-03
3.257792168586092808e-03
3.279590865908914646e-03
3.301422551142030488e-03
3.323290206723973888e-03
3.345196767432104777e-03
3.367145113175176903e-03
3.389138060200617367e-03
3.411178352049172319e-03
3.433268650617359637e-03
3.455411527305854609e-03
3.477609454129370389e-03
3.499864794891901533e-03
3.522179796449372447e-03
3.544556580114435144e-03
3.566997133203486572e-03
3.589503300755706328e-03
3.612076777427645786e-03
3.634719099467207705e-03
3.657431637064504065e-03
3.680215587129210403e-03
3.703071966032245137e-03
3.726001602740472169e-03
3.749005132279457485e-03
3.772082989500634594e-03
3.795235403184240002e-03
3.818462390492476793e-03
3.841763751714898870e-03
3.865139065487823572e-03
3.888587684651936480e-03
3.912108732146387866e-03
3.935701097406014461e-03
3.959363433273181687e-03
3.983094153373455820e-03
4.006891429959929911e-03
4.030753192243474378e-03
4.054677125214121644e-03
4.078660668975650494e-03
4.102701018617931246e-03
4.126795124614559065e-03
4.150939693751388992e-03
4.175131190580812744e-03
4.199365845985276666e-03
4.223639655898458328e-03
4.247948353753415104e-03
4.272287462898214164e-03
4.296652280129131460e-03
4.321037881506699894e-03
4.345439127193933757e-03
4.369850667093970985e-03
4.394266940108596843e-03
4.418682181875038632e-03
4.443090475872387736e-03
4.467485703164199816e-03
4.491861576772811573e-03
4.516211648746394289e-03
4.540529320601850369e-03
4.564807854030099830e-03
4.589040382195495697e-03
4.613219921566650249e-03
4.637339384285323052e-03
4.661391591058758332e-03
4.685369284559661417e-03
4.709265143322606192e-03
4.733071796120535100e-03
4.756781836804307127e-03
4.780387839587941362e-03
4.803882374761351062e-03
4.827258024810111500e-03
4.850507400920004222e-03
4.873623159845590427e-03
4.896598021118236770e-03
4.919424784568366370e-03
4.942096348137127622e-03
4.964605725949560421e-03
4.986946066620736619e-03
5.009110671766733164e-03
5.031093014688285681e-03
5.052886759198007768e-03
5.074485778554070278e-03
5.095884174475268612e-03
5.117076296194263477e-03
5.138056759517378030e-03
5.158820465852448356e-03
5.179362621173042545e-03
5.199678754874594369e-03
5.219764738487722364e-03
5.239616804208872131e-03
5.259231563206455927e-03
5.278606023663346379e-03
5.297737608515713792e-03
5.316624172843299398e-03
5.335264020873859217e-03
5.353655922555560290e-03
5.371799129656905022e-03
5.389693391352738498e-03
5.407338969247878387e-03
5.424736651794128534e-03
5.441887768117852596e-03
5.458794201086332801e-03
5.475458399697017559e-03
5.491883390683846740e-03
5.508072789322097408e-03
5.524030809385421618e-03
5.539762272220419108e-03
5.555272614890104099e-03
5.570567897330248527e-03
5.585654808585849111e-03
5.600540671963423478e-03
5.615233449114376621e-03
5.629741743039001593e-03
5.644074799958535837e-03
5.658242510035633478e-03
5.672255406913065054e-03
5.686124666049491468e-03
5.699862101826070997e-03
5.713480163408403943e-03
5.726991929341652098e-03
5.740411100867735990e-03
5.753751993948126586e-03
5.767029529985713207e-03
5.780259225237322114e-03
5.793457178931741072e-03
5.806640060077767479e-03
5.819825092873964420e-03
5.833030040897247727e-03
5.846273189945672827e-03
5.859573329610800324e-03
5.872949733563325239e-03
5.886422138582509712e-03
5.900010722344592798e-03
5.913736080111705630e-03
5.927619200653700543e-03
5.941681439543495223e-03
5.955944492639066168e-03
5.970430368111487134e-03
5.985161357440189553e-03
6.000160005403310653e-03
6.015449079117485970e-03
6.031051536173000042e-03
6.046990491921341686e-03
6.063289185966463934e-03
6.079970947922547393e-03
6.097059162496202417e-03
6.114577233960753928e-03
6.132548550083032762e-03
6.150996445578202527e-03
6.169944165156255114e-03
6.189414826237788110e-03
6.209431381408456532e-03
6.230016580691817227e-03
6.251192933712156237e-03
6.272982671831418486e-03
6.295407710330502143e-03
6.318489610721809112e-03
6.342249543267628256e-03
6.366708249770986448e-03
6.391886006735892495e-03
6.417802589032501823e-03
6.444477234035657712e-03
6.471928606313907990e-03
6.500174763067561451e-03
6.529233120270004631e-03
6.559120419656632242e-03
6.589852696585220271e-03
6.621445248868984557e-03
6.653912606632146967e-03
6.687268503304942546e-03
6.721525847774675877e-03
6.756696697672281461e-03
6.792792233814788465e-03
6.829822663527926330e-03
6.867797369303051819e-03
6.906724847441184437e-03
6.946612441750552383e-03
6.987466801474763629e-03
7.029293320905640428e-03
7.072096368166911826e-03
7.115879427652712155e-03
7.160644830370386897e-03
7.206393943958558194e-03
7.253126820589607913e-03
7.300842911143673626e-03
7.349540494335468285e-03
7.399216322951202365e-03
7.449866701398593152e-03
7.501486101382322594e-03
7.554068627028313540e-03
7.607606817683781192e-03
7.662092527329916400e-03
7.717516180526407844e-03
7.773867479287578652e-03
7.831134744965979541e-03
7.889305580753080277e-03
7.948366280786954563e-03
8.008302374700184204e-03
8.069098180488844599e-03
8.130737222294176850e-03
8.193201746439258276e-03
8.256473483168247016e-03
8.320532766543497355e-03
8.385359475931502757e-03
8.450932079230961610e-03
8.517228896013161188e-03
8.584226701953761099e-03
8.651901955741959568e-03
8.720229876084596710e-03
8.789185528384672527e-03
8.858742500596370958e-03
8.928874402229660875e-03
8.999553344262781890e-03
9.070751563804102524e-03
9.142439397204930873e-03
9.214588985323604944e-03
9.287169644157657403e-03
9.360153156514087677e-03
9.433504902343604892e-03
9.507197934030080927e-03
9.581194551402546361e-03
9.655470948015741628e-03
9.729982815195978296e-03
9.804714243284337952e-03
9.879607471242677144e-03
9.954665319538216761e-03
1.002980020994367200e-02
1.010505995454481429e-02
1.018028640256498328e-02
1.025563924520067095e-02
1.033078525860719327e-02
1.040617645264999003e-02
1.048103230019074503e-02
1.055662087430076987e-02
1.063103098807300501e-02
1.070809132541825255e-02
1.078348015364621187e-02
1.087097838749267499e-02
1.096649649595762485e-02
1.113510366826572784e-02
1.142299175599274796e-02
1.207922190390885338e-02
1.290932905610344544e-02
1.356968782994722768e-02
1.370153193946109342e-02
1.390183931756994173e-02
1.395341761449446147e-02
1.414764209450611147e-02
1.419424244526041289e-02
1.438905797465019239e-02
1.443032489868821544e-02
1.462554928997921236e-02
1.466154634198866061e-02
1.485693124764079359e-02
1.488782241286059488e-02
1.508324271248459927e-02
1.510913712815828078e-02
1.530300499295422778e-02
1.532338266317889719e-02
1.551777806901117295e-02
1.553151841874185826e-02
1.572516192451649600e-02
1.573299164036814912e-02
1.592591713825377078e-02
1.592742669523451379e-02
1.611841800725536192e-02
1.611408679971105054e-02
1.630547632988009130e-02
1.629444983620224885e-02
1.648352144550555703e-02
1.646554607549716512e-02
1.665341109739294084e-02
1.662911969211281274e-02
1.681527281495879059e-02
1.678409556387351967e-02
1.696984800614894859e-02
1.693088538674499335e-02
1.711454021942305712e-02
1.706991266042717434e-02
1.725027657815584453e-02
1.719864752463252933e-02
1.737799254887273034e-02
1.731858325239443719e-02
1.749630565284157613e-02
1.742918028873887554e-02
1.760470673578983652e-02
1.753071803662361802e-02
1.770495399611211884e-02
1.762369373292964336e-02
1.779463118200824354e-02
1.770704100125386135e-02
1.787684368574186250e-02
1.777982563021011930e-02
1.794900247294393611e-02
1.784397413505329696e-02
1.801092595741840899e-02
1.789977142946473643e-02
1.806364278276373012e-02
1.794503808755953250e-02
1.810812241869819497e-02
1.798158808720891344e-02
1.814278056613913628e-02
1.800849783235581453e-02
1.816824728661007096e-02
1.802727414481553048e-02
1.818475640023165321e-02
1.803630499826612901e-02
1.819209397536037526e-02
1.803680947123376468e-02
1.819105441676562365e-02
1.802853536269558021e-02
1.818208369910350938e-02
1.801191781392330604e-02
1.816387972408165657e-02
1.798683111451633565e-02
1.813776584098977102e-02
1.795456832732031036e-02
1.810335371775005642e-02
1.791348692956141325e-02
1.806125186729775484e-02
1.786572908739902238e-02
1.801120646874743852e-02
1.781041214002838935e-02
1.795543514608820626e-02
1.774710222365718723e-02
1.789199272114607581e-02
1.767753772267076015e-02
1.782062014877915102e-02
1.760200166840089619e-02
1.774401409598039617e-02
1.752007563826997460e-02
1.766113848531426084e-02
1.743248469742139303e-02
1.757299742513690477e-02
1.733884518428382288e-02
1.747875633287101355e-02
1.724051924343754719e-02
1.737920655277938944e-02
1.713720326155857357e-02
1.727458005028408364e-02
1.702919411499149299e-02
1.716595252687368525e-02
1.691709368271491348e-02
1.705253809365536374e-02
1.680099815014483508e-02
1.693638446496673056e-02
1.668167835015657921e-02
1.681501525418171300e-02
1.655877508771291806e-02
1.669200041957986588e-02
1.643287699734613527e-02
1.656512635017212687e-02
1.630481098486944586e-02
1.643649939347334443e-02
1.617452713118174012e-02
1.630534536427619141e-02
1.604243167636236825e-02
1.617185953646856078e-02
1.590798960940202969e-02
1.603812717018668343e-02
1.577318782300224376e-02
1.590140908394145625e-02
1.563722610107246350e-02
1.576513271058069959e-02
1.550032833374085511e-02
1.562782238074435573e-02
1.536352576541150788e-02
1.548954683614429430e-02
1.522705194498384998e-02
1.535155558605478740e-02
1.508935270197553878e-02
1.521475815111059809e-02
1.495377941010416802e-02
1.507742318715435056e-02
1.481832305480523977e-02
1.494162564699923548e-02
1.468420208674525891e-02
1.480541658990507971e-02
1.455009275867406339e-02
1.467095525820638277e-02
1.441784277650381106e-02
1.453837315537727382e-02
1.428776576965249887e-02
1.440710566855680011e-02
1.415921724503008475e-02
1.427824981538407777e-02
1.403317185001660972e-02
1.415024729017336225e-02
1.390828059811256324e-02
1.402596326242432426e-02
1.378713791751491613e-02
1.390217728655672794e-02
1.366676766235028900e-02
1.378221479661692617e-02
1.355023434131906977e-02
1.366408368642961675e-02
1.343568801315510319e-02
1.354868000782158410e-02
1.332397266470298700e-02
1.343624207062171609e-02
1.321531816254096180e-02
1.332688217481871329e-02
1.310980983368384596e-02
1.322058045321621716e-02
1.300738231312027933e-02
1.311745982207775801e-02
1.290825009646350170e-02
1.301770602560673937e-02
1.281244732407729042e-02
1.292079752681431042e-02
1.271951669535463167e-02
1.282748489033260116e-02
1.263032371008955893e-02
1.273731576149003328e-02
1.254428920043872131e-02
1.265017597271077612e-02
1.246131219554463820e-02
1.256647775254583592e-02
1.238169678166216488e-02
1.248613815130117551e-02
1.230526995952789006e-02
1.240913656782978262e-02
1.223229569125322720e-02
1.233550078991179147e-02
1.216265873591475775e-02
1.226521188068203927e-02
1.209631360314896049e-02
1.219807830528896707e-02
1.203303841898426506e-02
1.213420737612492216e-02
1.197305668657932566e-02
1.207350808086573440e-02
1.191614742819254932e-02
1.201601255807320003e-02
1.186240536409932829e-02
1.196174961878781681e-02
1.181181504813927884e-02
1.191096410751757949e-02
1.176476099291001200e-02
1.186299854540231145e-02
1.172018657898576087e-02
1.181754137787713321e-02
1.167817373555351396e-02
1.177516491757199350e-02
1.163926929877981582e-02
1.173597699740557519e-02
1.160349536468975075e-02
1.169921473986938049e-02
1.157018810112441648e-02
1.166604807732323293e-02
1.153977603432610952e-02
1.163482005240322990e-02
1.151160270054938685e-02
1.160583707782947109e-02
1.148569248109404008e-02
1.157973219061600098e-02
1.146221774211599910e-02
1.155576908089476357e-02
1.144150552019207803e-02
1.153455641671937912e-02
1.142251351859113230e-02
1.151472887805579833e-02
1.140534546117385507e-02
1.149711130755340892e-02
1.139053564691644427e-02
1.148187617153700359e-02
1.137768233041505130e-02
1.146811925046961611e-02
1.136634403299419636e-02
1.145656247421641440e-02
1.135710089974775218e-02
1.144618966065805155e-02
1.134899263844604995e-02
1.143767578558234702e-02
1.134198976635713424e-02
1.143031686249256287e-02
1.133643005529934127e-02
1.142413937424691800e-02
1.133168818392008004e-02
1.141853180044063477e-02
1.132811153099948405e-02
1.141419408411144081e-02
1.132532773448747219e-02
1.141045665704241464e-02
1.132303425351102386e-02
1.140718287961027880e-02
1.132119014115192702e-02
1.140425751935592209e-02
1.131954495290816293e-02
1.140147624601596521e-02
1.131794535974504565e-02
1.139865711856900658e-02
1.131617373086911578e-02
1.139558513072349601e-02
1.131390547424619350e-02
1.139197696911340915e-02
1.131097463110947859e-02
1.138764254184920430e-02
1.130731391713126616e-02
1.138255903208728465e-02
1.130265928055175159e-02
1.137614815965541128e-02
1.129679023900062584e-02
1.136880780952308559e-02
1.128970998912620649e-02
1.135955508933562605e-02
1.128097092190898619e-02
1.134898942916558531e-02
1.127029102755870357e-02
1.133632591572397361e-02
1.125667766603908639e-02
1.132118810996026424e-02
1.124169247000580615e-02
1.130338238533070208e-02
1.122384815795728422e-02
1.128299984689788878e-02
1.120266624018337841e-02
1.125944940682343381e-02
1.117869553373001916e-02
1.123296578703004110e-02
1.115125351144038643e-02
1.120278722531184261e-02
1.112029893354111489e-02
1.116891122516724608e-02
1.108554206419467072e-02
1.113137756114633906e-02
1.104660783547046360e-02
1.108952414164219441e-02
1.100321649254327148e-02
1.104309437850000200e-02
1.095583297716950545e-02
1.099216678164989351e-02
1.090328934933208413e-02
1.093653499542298312e-02
1.084623067400933803e-02
1.087576638609295820e-02
1.078353233257080615e-02
1.080986479802932033e-02
1.071594558962562713e-02
1.073830226983290073e-02
1.064279068151846412e-02
1.066150546070489258e-02
1.056419365115422726e-02
1.057908820223149408e-02
1.048039632884078393e-02
1.049115627321138382e-02
1.039041060491283260e-02
1.039758928799859594e-02
1.029476064959196184e-02
1.029788706641759748e-02
1.019305134374171029e-02
1.019159913870015984e-02
1.008548803304114283e-02
1.008027060629520383e-02
9.972369726979030818e-03
9.962975707825739644e-03
9.853689312455045021e-03
9.840129678544033004e-03
9.729103143461056633e-03
9.711212101378161390e-03
9.599280071039094711e-03
9.577339708211346156e-03
9.464059448665478394e-03
9.437791173264256303e-03
9.323672828188359768e-03
9.292925921419638996e-03
9.178305887298565668e-03
9.143549445829755873e-03
9.028832129464502143e-03
8.990058141086556057e-03
8.875650203537057553e-03
8.833147703780413681e-03
8.719504673709006434e-03
8.673376198938959059e-03
8.561165803092974855e-03
8.511788260554854768e-03
8.401707824081285428e-03
8.349141194153409523e-03
8.241940966661068582e-03
8.186908318883434968e-03
8.083646063402172288e-03
8.026743693512245273e-03
7.928325612029139130e-03
7.870271320354838007e-03
7.777454268183305042e-03
7.718790506977241984e-03
7.632116906438129837e-03
7.573253508216607963e-03
7.492709403522854195e-03
7.433720607749634036e-03
7.358687954732955928e-03
7.299361907653353389e-03
7.228715255026962362e-03
7.168689749692435526e-03
7.101092847561841712e-03
7.040103454851925902e-03
6.974349362838207743e-03
6.912354834547826572e-03
6.847567984454305985e-03
6.784733833600765061e-03
6.720394390287989621e-03
6.656984640221711921e-03
6.592844893490847763e-03
6.529124934731934948e-03
6.465109269029141112e-03
6.401301329703791045e-03
6.337432645344512686e-03
6.273713884305791126e-03
6.210066960288965730e-03
6.146583530290671352e-03
6.083258048361241468e-03
6.020138787842943193e-03
5.957244635975022205e-03
5.894609543707349415e-03
5.832259393660070915e-03
5.770223607838124123e-03
5.708529447485927166e-03
5.647204655815181960e-03
5.586276210474996201e-03
5.525770837823111396e-03
5.465714758016634693e-03
5.406133756506305982e-03
5.347053122814107023e-03
5.288497643472655010e-03
5.230491575417598425e-03
5.173058627756688121e-03
5.116221942176074795e-03
5.060004075138465653e-03
5.004426980908163909e-03
4.949511995726838844e-03
4.895279823058289702e-03
4.841750519898869315e-03
4.788943484199913170e-03
4.736877443361971717e-03
4.685570443810568170e-03
4.635039841642347481e-03
4.585302294335212754e-03
4.536373753506011720e-03
4.488269458703583389e-03
4.441003932220044872e-03
4.394590974919822257e-03
4.349043670960754324e-03
4.304374326231844190e-03
4.260594607075143987e-03
4.217715398805979045e-03
4.175746852512061957e-03
4.134698440041426060e-03
4.094578847980600428e-03
4.055396068107610871e-03
4.017157372533507881e-03
3.979869319647502506e-03
3.943537759292041998e-03
3.908167838547763062e-03
3.873764008283360136e-03
3.840330030236581774e-03
3.807868984628121935e-03
3.776383278265998695e-03
3.745874654110176345e-03
3.716344199388296136e-03
3.687792355652077733e-03
3.660218928907153692e-03
3.633623100132439988e-03
3.608003436179221899e-03
3.583357900870535843e-03
3.559683867019842757e-03
3.536978127854596352e-03
3.515236909265522392e-03
3.494455882383962382e-03
3.474630176189837712e-03
3.455754390360131056e-03
3.437822608274463017e-03
3.420828410200460294e-03
3.404764886628774533e-03
3.389624651769237475e-03
3.375399857101754868e-03
3.362082205153414400e-03
3.349662963174361227e-03
3.338132977068419827e-03
3.327482685353552218e-03
3.317702133114129592e-03
3.308780986077073608e-03
3.300708544671382503e-03
3.293473758252565657e-03
3.287065239070360335e-03
3.281471276371644534e-03
3.276679850497257480e-03
3.272678646939121416e-03
3.269455070397983120e-03
3.266996258541907810e-03
3.265289096004444190e-03
3.264320228591070360e-03
3.264076076733930278e-03
3.264542849270460866e-03
3.265706556985694276e-03
3.267553026090911413e-03
3.270067911596034969e-03
3.273236710582917274e-03
3.277044775322506941e-03
3.281477325919125113e-03
3.286519463708613073e-03
3.292156183778067492e-03
3.298372387463410250e-03
3.305152894705532755e-03
3.312482456237824703e-03
3.320345765581383165e-03
3.328727470929257470e-03
3.337612186662492104e-03
3.346984504816971975e-03
3.356829006315062165e-03
3.367130271981523537e-03
3.377872893346777275e-03
3.389041483233106496e-03
3.400620686120301231e-03
3.412595188307322031e-03
3.424949727829514155e-03
3.437669104135271120e-03
3.450738187570997866e-03
3.464141928625712359e-03
3.477865366946580883e-03
3.491893640135293984e-03
3.506211992313371193e-03
3.520805782459848765e-03
3.535660492523101661e-03
3.550761735304919751e-03
3.566095262121220157e-03
3.581646970242770636e-03
3.597402910105799295e-03
3.613349292303177397e-03
3.629472494374929789e-03
3.645759067426858954e-03
3.662195742362883873e-03
3.678769436056278895e-03
3.695467257278648495e-03
3.712276512407916042e-03
3.729184710927935416e-03
3.746179570725825629e-03
3.763249023187776113e-03
3.780381218093498748e-03
3.797564528313173825e-03
3.814787554308017494e-03
3.832039128435557086e-03
3.849308319085448672e-03
3.866584434588276557e-03
3.883857026904353419e-03
3.901115895212307200e-03
3.918351089272182133e-03
3.935552912600753794e-03
3.952711925466800662e-03
3.969818947702201395e-03
3.986865061335559922e-03
4.003841613045779242e-03
4.020740216437185093e-03
4.037552754138988911e-03
4.054271379729489089e-03
4.070888519482277444e-03
4.087396873939863270e-03
4.103789419313210070e-03
4.120059408707968211e-03
4.136200373180928466e-03
4.152206122622209561e-03
4.168070746470380582e-03
4.183788614254085880e-03
4.199354376914526260e-03
4.214762961065304098e-03
4.230009581545168644e-03
4.245089730108140245e-03
4.259999178910155344e-03
4.274733979900548035e-03
4.289290464192290799e-03
4.303665241243790490e-03
4.317855197913655733e-03
4.331857497355666789e-03
4.345669577712778578e-03
4.359289150656957962e-03
4.372714199762831912e-03
4.385942976452493827e-03
4.398974008402732443e-03
4.411806079736977325e-03
4.424438242609367647e-03
4.436869810205092655e-03
4.449100354590474274e-03
4.461129703949642811e-03
4.472957939711343089e-03
4.484585393520612931e-03
4.496012644060301371e-03
4.507240513725656664e-03
4.518270065151586828e-03
4.529102597598367620e-03
4.539739643192168030e-03
4.550182963029014878e-03
4.560434543139314269e-03
4.570496590319778583e-03
4.580371527831070266e-03
4.590061990968912278e-03
4.599570822506645132e-03
4.608901068015498065e-03
4.618055971065864254e-03
4.627038968310816930e-03
4.635853684456543201e-03
4.644503927125355133e-03
4.652993681610722090e-03
4.661327105532501840e-03
4.669508523394802491e-03
4.677542421049085165e-03
4.685433440071536636e-03
4.693186372053828083e-03
4.700806152815429663e-03
4.708297856542069219e-03
4.715666689853670150e-03
4.722917985809620654e-03
4.730057197853338932e-03
4.737089893704276265e-03
4.744021749202040859e-03
4.750858542107907340e-03
4.757606145870407061e-03
4.764270523359293540e-03
4.770857720576886229e-03
4.777373860349414664e-03
4.783825136007268178e-03
4.790217805059216599e-03
4.796558182868162698e-03
4.802852636332725043e-03
4.809107577584150611e-03
4.815329457702896554e-03
4.821524760463332705e-03
4.827699996111415974e-03
4.833861695183835037e-03
4.840016402374639620e-03
4.846170670456988010e-03
4.852331054264779828e-03
4.858504104743271816e-03
4.864696363075650225e-03
4.870914354889065677e-03
4.877164584552046329e-03
4.883453529563627597e-03
4.889787635047609590e-03
4.896173308353202538e-03
4.902616913771159698e-03
4.909124767369973073e-03
4.915703131961975635e-03
4.922358212198872131e-03
4.929096149810788773e-03
4.935923018986981305e-03
4.942844821909415584e-03
4.949867484441073349e-03
4.956996851976258611e-03
4.964238685456216250e-03
4.971598657557060701e-03
4.979082349050619263e-03
4.986695245347874152e-03
4.994442733222552097e-03
5.002330097724517859e-03
5.010362519282205752e-03
5.018545070997753807e-03
5.026882716140615437e-03
5.035380305836145362e-03
5.044042576957313839e-03
5.052874150217634072e-03
5.061879528466114650e-03
5.071063095187501764e-03
5.080429113206231737e-03
5.089981723596008131e-03
5.099724944792055278e-03
5.109662671906938999e-03
5.119798676250102848e-03
5.130136605046067486e-03
5.140679981352539590e-03
5.151432204173567869e-03
5.162396548766666309e-03
5.173576167138765544e-03
5.184974088728724201e-03
5.196593221271985329e-03
5.208436351840899613e-03
5.220506148058913845e-03
5.232805159479517361e-03
5.245335819127493540e-03
5.258100445192992640e-03
5.271101242873806395e-03
5.284340306358244546e-03
5.297819620941108046e-03
5.311541065264262229e-03
5.325506413673844995e-03
5.339717338687024507e-03
5.354175413557741084e-03
5.368882114931545352e-03
5.383838825583978083e-03
5.399046837221067006e-03
5.414507353357037034e-03
5.430221492239669864e-03
5.446190289797777848e-03
5.462414702638525993e-03
5.478895611054436336e-03
5.495633822042879715e-03
5.512630072319031106e-03
5.529885031323284253e-03
5.547399304190561362e-03
5.565173434662804529e-03
5.583207908032464077e-03
5.601503153950605600e-03
5.620059549188326925e-03
5.638877420322391948e-03
5.657957046323096317e-03
5.677298661042048250e-03
5.696902455596094053e-03
5.716768580593390749e-03
5.736897148250267447e-03
5.757288234363594666e-03
5.777941880113764833e-03
5.798858093746373996e-03
5.820036852102558438e-03
5.841478101803543668e-03
5.863181760400415672e-03
5.885147717240420129e-03
5.907375834153826173e-03
5.929865946747411680e-03
5.952617864324708484e-03
5.975631369223076070e-03
5.998906217321707535e-03
6.022442137380954949e-03
6.046238830504283186e-03
6.070295969212570301e-03
6.094613196343494875e-03
6.119190123670029124e-03
6.144026330282863907e-03
6.169121360715686120e-03
6.194474722821361086e-03
6.220085885393683046e-03
6.245954275539629050e-03
6.272079275799043174e-03
6.298460221018572017e-03
6.325096394984336574e-03
6.351987026806876074e-03
6.379131287020145188e-03
6.406528283537611668e-03
6.434177057378581178e-03
6.462076578091975956e-03
6.490225738999469765e-03
6.518623352235033974e-03
6.547268143579336105e-03
6.576158747102265820e-03
6.605293699619396199e-03
6.634671434978364063e-03
6.664290278195722332e-03
6.694148439473381756e-03
6.724244008043436457e-03
6.754574945872218392e-03
6.785139081139839566e-03
6.815934101527396788e-03
6.846957474591792818e-03
6.878206617942638455e-03
6.909678836001478808e-03
6.941371101231200505e-03
6.973280465381588404e-03
7.005403591171038662e-03
7.037736888550022787e-03
7.070276767020477852e-03
7.103019287054067495e-03
7.135960416872006752e-03
7.169095820457759352e-03
7.202421012109652340e-03
7.235931087855565838e-03
7.269621146146229215e-03
7.303486393560152876e-03
7.337520703304550168e-03
7.371718980879200106e-03
7.406074810640304353e-03
7.440582246651020193e-03
7.475234577945046727e-03
7.510025085157029032e-03
7.544946767714777458e-03
7.579992240019184022e-03
7.615153947692752771e-03
7.650423936440027030e-03
7.685794060105691390e-03
7.721255786206101743e-03
7.756800368571397687e-03
7.792418675732694366e-03
7.828101341010447814e-03
7.863838685423486796e-03
7.899620702394532720e-03
7.935437103820599733e-03
7.971277274477456959e-03
8.007130317425304247e-03
8.042985031336033486e-03
8.078829968152411584e-03
8.114653129462490525e-03
8.150442598870783623e-03
8.186185775833508885e-03
8.221870178315425839e-03
8.257482620599838896e-03
8.293010036121916187e-03
8.328438679882492826e-03
8.363754955014589265e-03
8.398944512739300872e-03
8.433993432678307117e-03
8.468886485711667189e-03
8.503609771846346033e-03
8.538147351221422876e-03
8.572484792624530253e-03
8.606605677542129851e-03
8.640495337497557451e-03
8.674136667819765459e-03
8.707515352351851562e-03
8.740612942829345880e-03
8.773415899970252521e-03
8.805904149897897729e-03
8.838065388776534387e-03
8.869877660451516363e-03
8.901330499662796214e-03
8.932399204060538153e-03
8.963076276436643050e-03
8.993333143135301411e-03
9.023167148941373464e-03
9.052543041932972420e-03
9.081466432766001698e-03
9.109892372160833043e-03
9.137839518598514857e-03
9.165245562696773540e-03
9.192151556011596975e-03
9.218465395586841402e-03
9.244271507979739955e-03
9.269419597947609057e-03
9.294069981488165336e-03
9.317973179138034495e-03
9.341425030513448094e-03
9.363994399705203447e-03
9.386225408509763987e-03
9.407351306023548076e-03
9.428381268122544567e-03
9.447918640224551787e-03
9.467856123026472878e-03
9.485604303659599112e-03
9.504764780977179375e-03
9.520475354950952776e-03
9.539711096443217325e-03
9.553288229244848856e-03
9.575018928285009001e-03
9.587638873515928750e-03
9.619291763837679171e-03
9.638169255110965589e-03
9.703122845120950440e-03
9.756418672414430768e-03
9.915753978639540306e-03
1.005708587392085962e-02
1.035324484063184641e-02
1.050652247551370558e-02
1.076299622001227960e-02
1.076129636110488390e-02
1.091126356249482940e-02
1.082954120742740493e-02
1.094700917107417452e-02
1.084704917350364298e-02
1.095757970556522978e-02
1.085109991951353769e-02
1.095881774284585691e-02
1.084805160554739960e-02
1.095347011174711317e-02
1.083891800927789910e-02
1.094198248957971471e-02
1.082389177441381474e-02
1.092444649447652828e-02
1.080306248257545398e-02
1.090103695918644144e-02
1.077607591993896656e-02
1.087200400356058694e-02
1.074401064633434891e-02
1.083742082699443166e-02
1.070657615792730381e-02
1.079687647670605176e-02
1.066375828072478604e-02
1.075147512068018452e-02
1.061610165269182351e-02
1.070110199735342833e-02
1.056373099792018780e-02
1.064599013722922725e-02
1.050690993317092252e-02
1.058642673146742604e-02
1.044637715434039264e-02
1.052339962730767034e-02
1.038175784657892516e-02
1.045590322272970871e-02
1.031361436423717040e-02
1.038493029601521116e-02
1.024183141957049972e-02
1.031071020393693229e-02
1.016747353841186349e-02
1.023348869474446747e-02
1.009076979525674010e-02
1.015434208948129066e-02
1.001237692897009000e-02
1.007381289585665071e-02
9.932333072218359551e-03
9.991430004095781803e-03
9.851187947185412533e-03
9.908159938921981547e-03
9.769331288886915279e-03
9.824602035324715363e-03
9.687441575651300693e-03
9.740420383909131549e-03
9.605578784501297290e-03
9.657039949479060553e-03
9.524570166914004751e-03
9.574352455323720951e-03
9.444354236422895441e-03
9.492360946420140208e-03
9.365656398773729296e-03
9.412749580735953886e-03
9.288967870157071802e-03
9.334786555054460158e-03
9.214616743820245107e-03
9.259663384080803195e-03
9.143300703801123322e-03
9.187666048278262179e-03
9.074917813781004441e-03
9.118748411511022611e-03
9.009919329130752080e-03
9.053480833213339504e-03
8.949070716928211183e-03
8.992720286855267892e-03
8.892568904126145479e-03
8.936344276443054790e-03
8.840470032038465209e-03
8.884585173628004734e-03
8.793094699460261843e-03
8.837734120881081054e-03
8.750847658090659190e-03
8.796571812637210552e-03
8.713917991255893183e-03
8.760596002727253154e-03
8.682389075736063680e-03
8.730420291905684541e-03
8.656545708442852857e-03
8.706168804004129139e-03
8.636562470761102381e-03
8.688202764235496839e-03
8.622647737440735857e-03
8.676427674916579666e-03
8.614808356903362607e-03
8.671034770979926809e-03
8.613213334009899372e-03
8.672205029384856198e-03
8.618017402288404363e-03
8.680105856516901267e-03
8.629367016379320410e-03
8.694898719233661727e-03
8.647404885277454670e-03
8.716739932517845318e-03
8.672269976553024021e-03
8.745776594024121803e-03
8.704093938753099113e-03
8.782281145599500627e-03
8.743094137949788611e-03
8.826118895567131722e-03
8.789284286681374458e-03
8.877625282316232991e-03
8.842768062958696398e-03
8.936750164907582630e-03
8.903522016541039891e-03
9.003436344422403870e-03
8.971614581111614709e-03
9.077435294402998525e-03
9.046474785690712672e-03
9.158685699743313383e-03
9.128396047528110346e-03
9.246859962385669054e-03
9.216817170745992410e-03
9.341316386017473744e-03
9.310980058016714647e-03
9.441626999975258686e-03
9.410810835110361428e-03
9.547402584227778974e-03
9.515701100156367248e-03
9.658249085368523709e-03
9.625324261868292014e-03
9.773104602719764195e-03
9.738494180375754580e-03
9.891809521069671457e-03
9.855606312499320953e-03
1.001397539755831574e-02
9.975620905223078067e-03
1.013892821319996480e-02
1.009857197329360606e-02
1.026631696054143908e-02
1.022370558200721286e-02
1.039654354617996351e-02
1.035144922792506986e-02
1.052836488253323238e-02
1.048048452426400372e-02
1.066149297537946627e-02
1.061078140500785506e-02
1.079504043593573596e-02
1.074109878507272832e-02
1.092951330670237364e-02
1.087272003380707064e-02
1.106403487359508379e-02
1.100374093365817998e-02
1.119813527703913091e-02
1.113440187003312577e-02
1.133161359732428805e-02
1.126417140974006123e-02
1.146371084432210204e-02
1.139308562142813189e-02
1.159560167911200500e-02
1.152081432560125157e-02
1.172557539606497792e-02
1.164636857390969303e-02
1.185249547175648392e-02
1.176978909099748137e-02
1.197780059406492598e-02
1.189088003318778709e-02
1.209997916638003330e-02
1.200925756318589957e-02
1.221974369657754383e-02
1.212479046895137760e-02
1.233598799678731900e-02
1.223685488039833076e-02
1.244868344183083786e-02
1.234520662465983694e-02
1.255760354662506864e-02
1.244977984270758190e-02
1.266253003816737721e-02
1.255031966003745253e-02
1.276327940123346549e-02
1.264681478413166513e-02
1.285979936065574127e-02
1.273877455600851659e-02
1.295120759543209356e-02
1.282589882625725236e-02
1.303817717922047502e-02
1.290810107254427262e-02
1.311989101677533097e-02
1.298580519747707419e-02
1.319672253092391868e-02
1.305817134370143226e-02
1.326846736369796491e-02
1.312556412876670839e-02
1.333507392560824741e-02
1.318779505265562334e-02
1.339641796484218085e-02
1.324486859666762495e-02
1.345243134715213944e-02
1.329668461629867141e-02
1.350314734973271508e-02
1.334320159669915608e-02
1.354848842711582624e-02
1.338445602056856538e-02
1.358846933932383698e-02
1.342044046606788096e-02
1.362329730426407870e-02
1.345116955238938664e-02
1.365282097419185693e-02
1.347668157745126813e-02
1.367668026289316392e-02
1.349704047234452468e-02
1.369549597574339257e-02
1.351258460994973938e-02
1.370942572372720047e-02
1.352304591140068499e-02
1.371827984171075134e-02
1.352862850581837070e-02
1.372227265174428938e-02
1.352947310203090996e-02
1.372154589527370752e-02
1.352568100834518165e-02
1.371623738431441454e-02
1.351739794435761165e-02
1.370648760029189589e-02
1.350481428894023672e-02
1.369239586803921126e-02
1.348809229692833275e-02
1.367430092579063547e-02
1.346731746871101913e-02
1.365259088032657123e-02
1.344292056439296869e-02
1.362653543262377052e-02
1.341499404004935225e-02
1.359694896294878948e-02
1.338373903517479577e-02
1.356435247548388318e-02
1.334936021774381538e-02
1.352865305190737930e-02
1.331204821160099361e-02
1.349006563061645909e-02
1.327203671536656034e-02
1.344880383075301201e-02
1.322955166160340139e-02
1.340513420101725403e-02
1.318478410753584802e-02
1.335923383318807049e-02
1.313794506505780620e-02
1.331130796188779476e-02
1.308924935589125815e-02
1.326156494984034005e-02
1.303903385196580542e-02
1.321037373287994691e-02
1.298731579897829252e-02
1.315770445471554397e-02
1.293447523014087767e-02
1.310399449471386611e-02
1.288069112665898332e-02
1.304938438063705380e-02
1.282609231322690696e-02
1.299396748757626445e-02
1.277053655383180580e-02
1.293765651115907911e-02
1.271491128864994137e-02
1.288136451513338665e-02
1.265905120818557397e-02
1.282482712241798245e-02
1.260304669448097416e-02
1.276809284102010424e-02
1.254697089622916310e-02
1.271125391921830959e-02
1.249103738359699615e-02
1.265495380392583913e-02
1.243563210512191146e-02
1.259896864743949123e-02
1.238073615428759468e-02
1.254362408140999308e-02
1.232654855483749680e-02
1.248898120425191369e-02
1.227314216670589465e-02
1.243514190483065683e-02
1.222061840843947228e-02
1.238221128287200073e-02
1.216907504559882648e-02
1.233028557718102158e-02
1.211860110302156145e-02
1.227945020816137781e-02
1.206925222028171034e-02
1.222973549661754075e-02
1.202096456464169481e-02
1.218106513862518905e-02
1.197395999740753433e-02
1.213372048483397914e-02
1.192817688273134329e-02
1.208758442757821260e-02
1.188369115604804085e-02
1.204278825504200706e-02
1.184056362334331806e-02
1.199936738025597985e-02
1.179883001210922135e-02
1.195767682511496809e-02
1.175888516310965963e-02
1.191673509324664253e-02
1.171953835259981549e-02
1.187768106034866808e-02
1.168211309068368890e-02
1.183964145434048681e-02
1.164562156996416450e-02
1.180228916120952369e-02
1.161007499562609346e-02
1.176677682270662120e-02
1.157677337612048399e-02
1.173290586021113850e-02
1.154345594571910133e-02
1.169952187344380432e-02
1.151217349884335779e-02
1.166739758700133939e-02
1.148122135475693195e-02
1.163619611547970015e-02
1.145158748721231655e-02
1.160570505062471017e-02
1.142264568468910786e-02
1.157650322964556833e-02
1.139500229098859563e-02
1.154767907051683709e-02
1.136735224931564002e-02
1.151970640876508363e-02
1.134084576397285590e-02
1.149256054364160805e-02
1.131554406139277831e-02
1.146668818749225702e-02
1.129061719978077284e-02
1.144055523827494647e-02
1.126559389481627919e-02
1.141503699560178324e-02
1.124173547471480315e-02
1.138996468294427820e-02
1.121768448193604176e-02
1.136499145824246791e-02
1.119416394232842539e-02
1.134040446253686482e-02
1.117052980706983480e-02
1.131597168684481645e-02
1.114757973728849709e-02
1.129180245538036198e-02
1.112391146856855570e-02
1.126746878702272227e-02
1.110086037560264506e-02
1.124292938127459396e-02
1.107754282243464741e-02
1.121854422223232846e-02
1.105401736226669512e-02
1.119387112633461225e-02
1.103071675343977702e-02
