2.731421598372737666e-02
6.649892666428691874e-03
6.598106803499620421e-03
6.568467153162784247e-03
6.561240437789499398e-03
6.560168639143587783e-03
6.568126272795770000e-03
6.579300602428500046e-03
6.594912999199886543e-03
6.612422446984098784e-03
6.632108623199191311e-03
6.652690190819036085e-03
6.674094998345008432e-03
6.695612955389289474e-03
6.717087339507577491e-03
6.738105608516267199e-03
6.758526368873353680e-03
6.778110760601800677e-03
6.796762338100175056e-03
6.814352462229862975e-03
6.830832292396041630e-03
6.846146831219234938e-03
6.860288222233644657e-03
6.873251811921936294e-03
6.885061785692626023e-03
6.895747867034009507e-03
6.905357637842434240e-03
6.913943731695244843e-03
6.921569654563732021e-03
6.928302499709156764e-03
6.934215582477557156e-03
6.939384161166438532e-03
6.943886525008261500e-03
6.947801408988830627e-03
6.951208353927829271e-03
6.954186110128201918e-03
6.956812678925487596e-03
6.959164314461576024e-03
6.961315448497704290e-03
6.963338066965986048e-03
6.965301613980780411e-03
6.967272611066398051e-03
6.969314582393673109e-03
6.971487835727169062e-03
6.973849423848397198e-03
6.976453035740452779e-03
6.979348996044809801e-03
6.982584232514917923e-03
6.986202309478586371e-03
6.990243448347924909e-03
6.994744588881781668e-03
6.999739446400824773e-03
7.005258594287119833e-03
7.011329546098381098e-03
7.017976853238375341e-03
7.025222203286426124e-03
7.033084527595174357e-03
7.041580109381833860e-03
7.050722696915668990e-03
7.060523616545431869e-03
7.070991887999650803e-03
7.082134338754340029e-03
7.093955718729388384e-03
7.106458813333492962e-03
7.119644555497897306e-03
7.133512135456735077e-03
7.148059108597323852e-03
7.163281500598665461e-03
7.179173910125740028e-03
7.195729608034841761e-03
7.212940634519413724e-03
7.230797891919407867e-03
7.249291235389899134e-03
7.268409559358458838e-03
7.288140881392202522e-03
7.308472422123638880e-03
7.329390682328493917e-03
7.350881516289038513e-03
7.372930202202685780e-03
7.395521509082015645e-03
7.418639760696369052e-03
7.442268896202529002e-03
7.466392527880284270e-03
7.490993995751805273e-03
7.516056419416059300e-03
7.541562746960106534e-03
7.567495801221625976e-03
7.593838323321779396e-03
7.620573013701528904e-03
7.647682570619756572e-03
7.675149726333299095e-03
7.702957280830083873e-03
7.731088133825940456e-03
7.759525313571479302e-03
7.788252004734813085e-03
7.817251574111736337e-03
7.846507593370544500e-03
7.876003861965371819e-03
7.905724426074164923e-03
7.935653599247350504e-03
7.965775974981647092e-03
7.996076444617592274e-03
8.026540213488779149e-03
8.057152809022215256e-03
8.087900096451640375e-03
8.118768284044678568e-03
8.149743936976058464e-03
8.180813979819696186e-03
8.211965708461201052e-03
8.243186790225186938e-03
8.274465274244602667e-03
8.305789589185069710e-03
8.337148552492831821e-03
8.368531365653705464e-03
8.399927622801776905e-03
8.431327303427618713e-03
8.462720780824111930e-03
8.494098811662921175e-03
8.525452545379752847e-03
8.556773510263109700e-03
8.588053624388742105e-03
8.619285177435801262e-03
8.650460844517635084e-03
8.681573662474913189e-03
8.712617049115340892e-03
8.743584769200420798e-03
8.774470965784975790e-03
8.805270109936109285e-03
8.835977048712907039e-03
8.866586935297789823e-03
8.897095299566032400e-03
8.927497948454720528e-03
8.957791072622317552e-03
8.987971100472363917e-03
9.018034862579791741e-03
9.047979371269882290e-03
9.077802079413856834e-03
9.107500538023416761e-03
9.137072812037384806e-03
9.166516933491748731e-03
9.195831583665761352e-03
9.225015196343146207e-03
9.254067101039455817e-03
9.282986014772211247e-03
9.311771999703885583e-03
9.340423864096931636e-03
9.368942588081815778e-03
9.397326740084987334e-03
9.425578602788501834e-03
9.453695891684783109e-03
9.481682956131234907e-03
9.509535508395510969e-03
9.537261497507413741e-03
9.564852424995955518e-03
9.592322904295926683e-03
9.619655749049115662e-03
9.646878577840977548e-03
9.673956298657620384e-03
9.700942903617483515e-03
9.727766087668478917e-03
9.754534451323994271e-03
9.781097597835753873e-03
9.807679913731113044e-03
9.833965029490888965e-03
9.860428895495501611e-03
9.886399332760101299e-03
9.912915427699217630e-03
9.938544236317525121e-03
9.965641857073591695e-03
9.991202851147133052e-03
1.002089515501648591e-02
1.004886134410678047e-02
1.009011842204409794e-02
1.013595177091028941e-02
1.023074182203678219e-02
1.036967585941738455e-02
1.066216783952556035e-02
1.102586849750429587e-02
1.147848265049672932e-02
1.168728738517231525e-02
1.187851039589538603e-02
1.187829952951812221e-02
1.199422414236622596e-02
1.196771911147729954e-02
1.207894509054271981e-02
1.204899972580891938e-02
1.216148534295730804e-02
1.212959502235496680e-02
1.224337492169257080e-02
1.220940289372332219e-02
1.232470509653869895e-02
1.228888148812091671e-02
1.240542044301387592e-02
1.236764999361201697e-02
1.248545632531122135e-02
1.244583880875292821e-02
1.256516959403442338e-02
1.252331303669034640e-02
1.264444555014491468e-02
1.260077694876753432e-02
1.272336648742282764e-02
1.267762456092242328e-02
1.280176858345069731e-02
1.275409842049969947e-02
1.287951790264487556e-02
1.282994553867011778e-02
1.295729835356072834e-02
1.290531454772227658e-02
1.303392614103303024e-02
1.298033568380039041e-02
1.311093964140783684e-02
1.305570201028616664e-02
1.318801065912954262e-02
1.313025907439161269e-02
1.326394279116927845e-02
1.320397009094207916e-02
1.333971837111855817e-02
1.327784374122099181e-02
1.341540498479376793e-02
1.335155131500062077e-02
1.349095338057289088e-02
1.342480628029727070e-02
1.356610758601512444e-02
1.349783619760860226e-02
1.364071902073581144e-02
1.357017104631629521e-02
1.371532045603995366e-02
1.364252308412276272e-02
1.378941034006162837e-02
1.371421062469421748e-02
1.386304946610389909e-02
1.378584431100942503e-02
1.393813287195892238e-02
1.386516887727451061e-02
1.402455156753130636e-02
1.395336338506152248e-02
1.411969962869367295e-02
1.405004082537801569e-02
1.422341414831067470e-02
1.415507100987284730e-02
1.433542873023992484e-02
1.426825098064122416e-02
1.445594781601241760e-02
1.438956372749825539e-02
1.458409852936804613e-02
1.451880025029086974e-02
1.472099587305515829e-02
1.465590428367303383e-02
1.486543745092271454e-02
1.480073452668515324e-02
1.501783455520546394e-02
1.495317052901972213e-02
1.517764092294984074e-02
1.511308945659376075e-02
1.534551087227588664e-02
1.528035750352548308e-02
1.552044246559962197e-02
1.545474823706582956e-02
1.570294065982184850e-02
1.563623948148357146e-02
1.589220250729683412e-02
1.582451042147172207e-02
1.608862749816404591e-02
1.601933101812328883e-02
1.629116589403259777e-02
1.621968734856292851e-02
1.649926814579663614e-02
1.642561072060575236e-02
1.671412284117489849e-02
1.663877977263467783e-02
1.693539518317178222e-02
1.685687503746553448e-02
1.716314489864964599e-02
1.708211176748322679e-02
1.739702316110523089e-02
1.731253897133202407e-02
1.763670858434541328e-02
1.754901682915542549e-02
1.788224874286675412e-02
1.779125380015120217e-02
1.813339702508003776e-02
1.803906920584325696e-02
1.839009871658485104e-02
1.829092186093980027e-02
1.865241786747382641e-02
1.854854949489218030e-02
1.891967294514870432e-02
1.881074670852812131e-02
1.919188423139144006e-02
1.907778972870297074e-02
1.946904888348421209e-02
1.934909554725956771e-02
1.975035140047107576e-02
1.962521634442962459e-02
2.003637292220594723e-02
1.990525316100924882e-02
2.032684069645221414e-02
2.018924150660206598e-02
2.062122735513801861e-02
2.047552443007058173e-02
2.091862574988181608e-02
2.076686464969266024e-02
2.121879399356721430e-02
2.105874631473188263e-02
2.152081785644321260e-02
2.135143911746123849e-02
2.182314274020235104e-02
2.164401515567873288e-02
2.212522515410941457e-02
2.193566071404192200e-02
2.242608292026121442e-02
2.222551648443414629e-02
2.272494962517844150e-02
2.251290657635413375e-02
2.302124642861451062e-02
2.279723276234630822e-02
2.331438379775321867e-02
2.307791981809001469e-02
2.360379865008846098e-02
2.335447822339099463e-02
2.388905019609386532e-02
2.362633899321125650e-02
2.416960540319260803e-02
2.389327509279636982e-02
2.444509929934607015e-02
2.415476430923807483e-02
2.471506064141422432e-02
2.441042382519563805e-02
2.497919556238270902e-02
2.465993023692573602e-02
2.523717592036988505e-02
2.490299752040121828e-02
2.548870426903196082e-02
2.513936358962210252e-02
2.573351790942390166e-02
2.536879347833807460e-02
2.597138303984371926e-02
2.559107928877674479e-02
2.620210121823797478e-02
2.580603831573944837e-02
2.642526015998013927e-02
2.601340692302500993e-02
2.664097772832463643e-02
2.621298223848543898e-02
2.684967281499396966e-02
2.640528842044945548e-02
2.705032234293252777e-02
2.658983727671356337e-02
2.724305047638540117e-02
2.676655723519805880e-02
2.742789400399580149e-02
2.693540407502233169e-02
2.760483649526079830e-02
2.709612624721633931e-02
2.777396796478853389e-02
2.724913651120343047e-02
2.793484963182293890e-02
2.739422291456766398e-02
2.808844294357942806e-02
2.753182037181712769e-02
2.823396650984802067e-02
2.766152404378785165e-02
2.837183710626495908e-02
2.778372534957992621e-02
2.850207619557668451e-02
2.789846998182571314e-02
2.862478413185996773e-02
2.800586741703965654e-02
2.874008762173987236e-02
2.810598789558077515e-02
2.884817254202791739e-02
2.819904418925054876e-02
2.894910826303755125e-02
2.828529424560770333e-02
2.904302727008073806e-02
2.836497420776529915e-02
2.913009737402449256e-02
2.843850605410743956e-02
2.921054584261332035e-02
2.850633246559472478e-02
2.928446670623539166e-02
2.856802901877756456e-02
2.935281259535877860e-02
2.862348950364698719e-02
2.941560353376718867e-02
2.867318558659583475e-02
2.947282661193258158e-02
2.871757693821222479e-02
2.952464234269357168e-02
2.875701692331724887e-02
2.957128835909332218e-02
2.879181144626749567e-02
2.961305190528870993e-02
2.882225317384110724e-02
2.965018165792451463e-02
2.884819862918006766e-02
2.968329386471179471e-02
2.887103099991416427e-02
2.971193961500114000e-02
2.889074142035219506e-02
2.973673377942869997e-02
2.890715048182777858e-02
2.975834655424416247e-02
2.892053175010552910e-02
2.977708312915888084e-02
2.893122942055788988e-02
2.979242948583289002e-02
2.894013426190419555e-02
2.980610646568394861e-02
2.894661468399815224e-02
2.981798876608183005e-02
2.895117671224457789e-02
2.982808018148809526e-02
2.895428273470537425e-02
2.983669757974322101e-02
2.895624843800742240e-02
2.984413445402953058e-02
2.895737520446110477e-02
2.985069126921367430e-02
2.895795576013655837e-02
2.985666951514467926e-02
2.895827610386458861e-02
2.986236850382963104e-02
2.895861614773595147e-02
2.986808349704167184e-02
2.895924974345055400e-02
2.987410450528811892e-02
2.896044443274825575e-02
2.988071541283979921e-02
2.896246104905970953e-02
2.988819329340755560e-02
2.896555328767343521e-02
2.989680783187630836e-02
2.896996722827638315e-02
2.990682082011462614e-02
2.897594085849363940e-02
2.991848570545190336e-02
2.898370362481123702e-02
2.993204712743579091e-02
2.899347595591005022e-02
2.994774055939179724e-02
2.900546883040135138e-02
2.996579192877290437e-02
2.901988333773979772e-02
2.998641728653089408e-02
2.903691027917950154e-02
3.000982251323441527e-02
2.905672978735782466e-02
3.003620247858599865e-02
2.907951134253314307e-02
3.006574097190548717e-02
2.910541342458847214e-02
3.009861658949708821e-02
2.913457842724393593e-02
3.013499560712840086e-02
2.916713665798225871e-02
3.017504328507639166e-02
2.920319785258009351e-02
3.021888252072869527e-02
2.924287938092678257e-02
3.026665359562000918e-02
2.928626617732277976e-02
3.031814861234934447e-02
2.933367969886510607e-02
3.037352113430341616e-02
2.938520494240963107e-02
3.043298070627489804e-02
2.944061814467028790e-02
3.049682403801821234e-02
2.950025447086439614e-02
3.056490747012501064e-02
2.956411010314645080e-02
3.063641112388176130e-02
2.963289490449427799e-02
3.071276840984654699e-02
2.970575354827679343e-02
3.079383076249518972e-02
2.978277435072436419e-02
3.087950069336627135e-02
2.986401181768298663e-02
3.096972638821325272e-02
2.994948210643000666e-02
3.106447333991725623e-02
3.003886481111393489e-02
3.116392055727813110e-02
3.013188677818109951e-02
3.126814741079176480e-02
3.022858176501698121e-02
3.137697264162372934e-02
3.032957089851096716e-02
3.148981520272811641e-02
3.043517779637834250e-02
3.160640098892325556e-02
3.054477401576888296e-02
3.172715214871134337e-02
3.065861261991682796e-02
3.185076955885611516e-02
3.077689844734806876e-02
3.197903338623128006e-02
3.089826836819954334e-02
3.211179847375050106e-02
3.102257454327661187e-02
3.224886676032086980e-02
3.114964775976031275e-02
3.239004576471450625e-02
3.128033566066439064e-02
3.253441632934560290e-02
3.141533968868449184e-02
3.268132148328057457e-02
3.155225607846125213e-02
3.283243357710610710e-02
3.169226215084962328e-02
3.298640833824428159e-02
3.183476464752931639e-02
3.314348099662473013e-02
3.198003281688360094e-02
3.330321529673886671e-02
3.212806809280267101e-02
3.346666142678738493e-02
3.227698612591015787e-02
3.363132644753613620e-02
3.242895019465041884e-02
3.379735661562723731e-02
3.258372817411871181e-02
3.396599011837853066e-02
3.274023651482374508e-02
3.413716311254020447e-02
3.289806738316146395e-02
3.431031523338708838e-02
3.305767987964027682e-02
3.448453333311782276e-02
3.321640763434354632e-02
3.466127000977191341e-02
3.337657977510096602e-02
3.483812266001845570e-02
3.353841444019391160e-02
3.501634794581130056e-02
3.370065998463262630e-02
3.519583269607543669e-02
3.386302710231096219e-02
3.537596797092871365e-02
3.402564742670025066e-02
3.555695590535416784e-02
3.418838282187280919e-02
3.573748380883964154e-02
3.435112418657335770e-02
3.591825075797962230e-02
3.451473307468045509e-02
3.609824009356318170e-02
3.467669413112280802e-02
3.627915590674202218e-02
3.483711737819034093e-02
3.646037290880264209e-02
3.499612349127382421e-02
3.664132685037321813e-02
3.515363666060114523e-02
3.682166228936894353e-02
3.531075425019026409e-02
3.699992722526549566e-02
3.546614421712226267e-02
3.717818938631517467e-02
3.561994467704127088e-02
3.735562897822723716e-02
3.577083017500684581e-02
3.752893727198289286e-02
3.592221119689666814e-02
3.770158205800645812e-02
3.607129445854829336e-02
3.787241110383105652e-02
3.621690522614350732e-02
3.804307742507496981e-02
3.636123696130371535e-02
3.821020361876791699e-02
3.650254034151916016e-02
3.837550784277803106e-02
3.664101513654934722e-02
3.853806314697626884e-02
3.677712911142111407e-02
3.869804999513635352e-02
3.691059133026559219e-02
3.885815891566239688e-02
3.704149886561879795e-02
3.901278413137410084e-02
3.717144455841721318e-02
3.916352589527247879e-02
3.729810983502286625e-02
3.931254235568777677e-02
3.742141254403221623e-02
3.945923151849494576e-02
3.754226681294874080e-02
3.960260442755345056e-02
3.766003706584374056e-02
3.974319181669106610e-02
3.777446462470950006e-02
3.988108835845385891e-02
3.788580810321284797e-02
4.001592607853821093e-02
3.799365713360129682e-02
4.014797534104557614e-02
3.809802007784984096e-02
4.027709348628882163e-02
3.819938740711240760e-02
4.040274854328735482e-02
3.829791305982605670e-02
4.052480074921852721e-02
3.839343981773695597e-02
4.064341660177669957e-02
3.848431370916849392e-02
4.076003420845288050e-02
3.857286348102420548e-02
4.087235422476315216e-02
3.865921490262883009e-02
4.098043260142679445e-02
3.874340260023821647e-02
4.108441849629544673e-02
3.882575703463458233e-02
4.118419797938280974e-02
3.890287289722651337e-02
4.128296545259922679e-02
3.897714373862953136e-02
4.137822959700433040e-02
3.904862411057515026e-02
4.147000832573263102e-02
3.911733983368790440e-02
4.155835281295223310e-02
3.918332394327916218e-02
4.164459916663273975e-02
3.924557385393518533e-02
4.172714913423300476e-02
3.930531762073261048e-02
4.180626699879266828e-02
3.936246142750157023e-02
4.188169757895290196e-02
3.941665797520279430e-02
4.195380735508787151e-02
3.946841295524408655e-02
4.202233711826013768e-02
3.951807370002339420e-02
4.208719326856621284e-02
3.956566909444025198e-02
4.214854720598890797e-02
3.961122981561945866e-02
4.220653698173551516e-02
3.965479397287579449e-02
4.226133560093076058e-02
3.969768788567551443e-02
4.231141583773471299e-02
3.973710805124650719e-02
4.236102281178952267e-02
3.977524972032149553e-02
4.240747565011274839e-02
3.981040485489588387e-02
4.245203228196733902e-02
3.984200425564449893e-02
4.249435411299220394e-02
3.987220902712518972e-02
4.253374193489868615e-02
3.989939207405138188e-02
4.257074964030625047e-02
3.992466599215653555e-02
4.260460866222449960e-02
3.994824113905089819e-02
4.263524309663429407e-02
3.997012118394028396e-02
4.266276164185605485e-02
3.999149066562495553e-02
4.268612171854317683e-02
4.001016509827438200e-02
4.270752054398726377e-02
4.002905906180816153e-02
4.272428009520060771e-02
4.004679565851156087e-02
4.273941408883176474e-02
4.006196030287442755e-02
4.275203283396106918e-02
4.007399151275298221e-02
4.276355004045632319e-02
4.008471135318322776e-02
4.277204149336640004e-02
4.009486214759224593e-02
4.277694575098785895e-02
4.010224205019419924e-02
4.278046282695847913e-02
4.010690019041840415e-02
4.278234175045711463e-02
4.011116053652456076e-02
4.278030587380587252e-02
4.011195597938894963e-02
4.277736404104850315e-02
4.011186104660177665e-02
4.277054054292014906e-02
4.011122136129929155e-02
4.275971523491922666e-02
4.010870672573477874e-02
4.274780526856137436e-02
4.010322798978307318e-02
4.273365721039371068e-02
4.009629523680793839e-02
4.271597272539390255e-02
4.008759792568701574e-02
4.269536357748006383e-02
4.007663581287945753e-02
4.267236159346390889e-02
4.006458516120842139e-02
4.264575640801798739e-02
4.004867017000013352e-02
4.261811093125110472e-02
4.003075917949595192e-02
4.258732519449077297e-02
4.001088094959492220e-02
4.255331531769281778e-02
3.998943516445676444e-02
4.251575934491651221e-02
3.996464574914207479e-02
4.247608634679567868e-02
3.993791154075515548e-02
4.243010007499380815e-02
3.991643676045088934e-02
4.240071463340869262e-02
3.990345992367277939e-02
4.237371623440626400e-02
3.989719719307360801e-02
4.236181151052138827e-02
3.989995495324571984e-02
4.235718473083358027e-02
3.991066187753684186e-02
4.236306647231792566e-02
3.992896054678492235e-02
4.237722857199856252e-02
3.995342002090208205e-02
4.239910085760435071e-02
3.998262469057699275e-02
4.242807464270854229e-02
4.001600815499972014e-02
4.246589565545424300e-02
4.005889742533758763e-02
4.251086998677631318e-02
4.010700679592600626e-02
4.256381176697191654e-02
4.016173419812067713e-02
4.262565454749240451e-02
4.022106797220704327e-02
4.269657730683023428e-02
4.028664405610617866e-02
4.277227384993666920e-02
4.035928476424422567e-02
4.285474008396430307e-02
4.043795465869361866e-02
4.294497980790109443e-02
4.051872260202241810e-02
4.304231623869588658e-02
4.060642404284591639e-02
4.314573830575683250e-02
4.069742942407818254e-02
4.325466659272966807e-02
4.079436456246082060e-02
4.337032337288349026e-02
4.089417215424853702e-02
4.349077063526716330e-02
4.099683396394190188e-02
4.361409408726141246e-02
4.110049664019169158e-02
4.374038956398690337e-02
4.120398080477641334e-02
4.386685521640179553e-02
4.130684859130544229e-02
4.399265297400514751e-02
4.140763270439543758e-02
4.411721457358139253e-02
4.150690742345979067e-02
4.423812848274810694e-02
4.160246397902285509e-02
4.435593181029680310e-02
4.169335790218246796e-02
4.446963588400883877e-02
4.177972870381407161e-02
4.457801015832026093e-02
4.186077967979068976e-02
4.467954046758581405e-02
4.193573902900173123e-02
4.477497175895863574e-02
4.200454623208076804e-02
4.486306011148335354e-02
4.206662823437685300e-02
4.494302770656659340e-02
4.212256209726310263e-02
4.501403831511091580e-02
4.217066915214725403e-02
4.507556025370128283e-02
4.221333181352940334e-02
4.512683369942747241e-02
4.224561265177773084e-02
4.516889179817957373e-02
4.227052699676270286e-02
4.519973740849592830e-02
4.228704342984900694e-02
4.521988116511286432e-02
4.229506731137146203e-02
4.522886224588971299e-02
4.229429667924286540e-02
4.522652090841601524e-02
4.228434757776751429e-02
4.521283226722657561e-02
4.226480705008952427e-02
4.518783605949353022e-02
4.223540247603721487e-02
4.515146253316716651e-02
4.219737457633804950e-02
4.510153796130732945e-02
4.215000226047715959e-02
4.503990395920644263e-02
4.209364209977592419e-02
4.496508315771028524e-02
4.202692678355460926e-02
4.487944528101348723e-02
4.195108012022934207e-02
4.478145864454889657e-02
4.186506397248675182e-02
4.467199519726736817e-02
4.176980314998302024e-02
4.455054544725692289e-02
4.166589771841919948e-02
4.441661872863844618e-02
4.155457603600019867e-02
4.426849081514395295e-02
4.143235681608357229e-02
4.411114476376565285e-02
4.130282625930598028e-02
4.394136738121748320e-02
4.116512192766180744e-02
4.376060979713608523e-02
4.101741167489294376e-02
4.357140761695965647e-02
4.086128808914225863e-02
4.337054486116058427e-02
4.069649543252761015e-02
4.316036647342036403e-02
4.052515380264253009e-02
4.293771091936929990e-02
4.034716922565512176e-02
4.270747665833625473e-02
4.016154739731484652e-02
4.246754505515239891e-02
3.996637184454989583e-02
4.222277530181499372e-02
3.976307200738555397e-02
4.196800747558585010e-02
3.955512454322101384e-02
4.170626015621507754e-02
3.933919346083768892e-02
4.143814202423104498e-02
3.911619625610741890e-02
4.116367593157049809e-02
3.888555799932089108e-02
4.088245995729322679e-02
3.865023264991313684e-02
4.059266912393143939e-02
3.840834755331554162e-02
4.029947470126098857e-02
3.816171039409933102e-02
4.000033246249317526e-02
3.790943580034585730e-02
3.969675816212277913e-02
3.765199011636422705e-02
3.938892665302701213e-02
3.738974162133455736e-02
3.907713963074928992e-02
3.712345938278947127e-02
3.876138349141781958e-02
3.685101844069179483e-02
3.844414043239864631e-02
3.657570471178988453e-02
3.812452066765533581e-02
3.629622284383614977e-02
3.780006210925292848e-02
3.601508062423089407e-02
3.747288743039908082e-02
3.573156394614771664e-02
3.714368890725684019e-02
3.544353655788280710e-02
3.681503870761626551e-02
3.515342522481828408e-02
3.648357297180614134e-02
3.486285300317830405e-02
3.615286859741152770e-02
3.456956940765976150e-02
3.582108731235315174e-02
3.427419136715201264e-02
3.549076120433822951e-02
3.397773320055828133e-02
3.515947069717118012e-02
3.368142244704578486e-02
3.482833002140849066e-02
3.338505149764152413e-02
3.449790204987193687e-02
3.308863385755130004e-02
3.416951438675499414e-02
3.279008316174041732e-02
3.384446337492588025e-02
3.249091691587639719e-02
3.352040552701465725e-02
3.219282490129048852e-02
3.319731855338337728e-02
3.189695710856132321e-02
3.287592708707277184e-02
3.160196919807094218e-02
3.255848623570289230e-02
3.130826239469295530e-02
3.224126361210881420e-02
3.101830321055482759e-02
3.192758569915967598e-02
3.072825972588450610e-02
3.161767961020209988e-02
3.044191266442263649e-02
3.131010224272976622e-02
3.015811879924729447e-02
3.100637846329146186e-02
2.987589148800762553e-02
3.070678033590260037e-02
2.959891262303303294e-02
3.041115119484914114e-02
2.932536820600748287e-02
3.011747704713825524e-02
2.905436475103092414e-02
2.983100249881511304e-02
2.878615219209295154e-02
2.954909926512787333e-02
2.852283388507851486e-02
2.927074137352037378e-02
2.826352124611097513e-02
2.899742519540895666e-02
2.800806002772124326e-02
2.872934041274046932e-02
2.775701275779818289e-02
2.846674340071533860e-02
2.751112189552146550e-02
2.820920794978729051e-02
2.726924140057837564e-02
2.795690412335195135e-02
2.703205056768140380e-02
2.771026343146931054e-02
2.680057304160508164e-02
2.746896825003493012e-02
2.657368557157101588e-02
2.723412740496721635e-02
2.635220484217271758e-02
2.700510206312571951e-02
2.613538979815320518e-02
2.678065915093824634e-02
2.592478124238381185e-02
2.656278974874265453e-02
2.571974312832617238e-02
2.635084332485993289e-02
2.552004119746863892e-02
2.614568289867949188e-02
2.532559586838906487e-02
2.594550899699435073e-02
2.513809477158205838e-02
2.575206436546963878e-02
2.495442634335339610e-02
2.556545258599867212e-02
2.477776560182512466e-02
2.538425881713476939e-02
2.460675988228598968e-02
2.520918878121480161e-02
2.444088967430886605e-02
2.504049365175331152e-02
2.428204111335841714e-02
2.487799634871064661e-02
2.412873048043633062e-02
2.472178058380727211e-02
2.398083235942252700e-02
2.457216022913083844e-02
2.383893661557338547e-02
2.442926641882978492e-02
2.370269913934898443e-02
2.429270130212931797e-02
2.357226219094367067e-02
2.416157421055282334e-02
2.344871662692199141e-02
2.403613792296242779e-02
2.333117810822245286e-02
2.391701055202394982e-02
2.321897831137299806e-02
2.380442521929089852e-02
2.311248928482510095e-02
2.369803912428620346e-02
2.301186181955385684e-02
2.359807278205876269e-02
2.291691294826158493e-02
2.350424238848474942e-02
2.282749710797727510e-02
2.341654829618573450e-02
2.274404889843232094e-02
2.333470504011620622e-02
2.266644241039633689e-02
2.325875603676044040e-02
2.259455882234131727e-02
2.318872685889704355e-02
2.252833232164003219e-02
2.312417187977139701e-02
2.246795662272482730e-02
2.306586415148882338e-02
2.241299316711699990e-02
2.301347365798845149e-02
2.236351589835171988e-02
2.296687815835070368e-02
2.231951579396568297e-02
2.292601154877119130e-02
2.228096050811681494e-02
2.289082172874868162e-02
2.224780985756905083e-02
2.286126032406105360e-02
2.222002115797477168e-02
2.283727937676029510e-02
2.219755071916214295e-02
2.281883051999070849e-02
2.218035435464971172e-02
2.280586489209544820e-02
2.216838760075899237e-02
2.279833322372641635e-02
2.216160578677642962e-02
2.279618605055383843e-02
2.215996410151546692e-02
2.279937398028759193e-02
2.216341753118401467e-02
2.280784801516979460e-02
2.217192076901369074e-02
2.282155978182492245e-02
2.218542809218879835e-02
2.284046154177348312e-02
2.220389334380227370e-02
2.286450607509603328e-02
2.222726998713507596e-02
2.289364637697611712e-02
2.225551117767840537e-02
2.292783546141772752e-02
2.228856992370370493e-02
2.296702620462393388e-02
2.232639917606431615e-02
2.301117125972131777e-02
2.236895187079793179e-02
2.306022311836408017e-02
2.241617969606857913e-02
2.311413469869504425e-02
2.246803448494837097e-02
2.317285864997725361e-02
2.252446953490557652e-02
2.323634668973938860e-02
2.258543770657129787e-02
2.330455128294031328e-02
2.265089242663028204e-02
2.337787052776335237e-02
2.272053799348374564e-02
2.345548300181521037e-02
2.279475879999531482e-02
2.353755418852970446e-02
2.287370459658187236e-02
2.362396382180920185e-02
2.295688581898151087e-02
2.371492214398782800e-02
2.304434104563500216e-02
2.381033132504433228e-02
2.313606610516796142e-02
2.391012379509575153e-02
2.323201534439669341e-02
2.401426990285769614e-02
2.333203550817292485e-02
2.412313672621015093e-02
2.343538696979348065e-02
2.423649406261852227e-02
2.354247117508145859e-02
2.435414402760434360e-02
2.365394227675945635e-02
2.447568386753196795e-02
2.376944145598604632e-02
2.460124264830946400e-02
2.388888058815173687e-02
2.473040339215281519e-02
2.401293908511070024e-02
2.486260861310658071e-02
2.414080694583146600e-02
2.499974612349223704e-02
2.427164965997173629e-02
2.514137255488342951e-02
2.440622687039011376e-02
2.528690301305915045e-02
2.454542387719351251e-02
2.543542409263855122e-02
2.468785322871031029e-02
2.558862526111382873e-02
2.483352333466809850e-02
2.574485700379867611e-02
2.498251749714934869e-02
2.590639727178180307e-02
2.513565833054694568e-02
2.607023698264528469e-02
2.529177037933835054e-02
2.623800444950682292e-02
2.545084717048173156e-02
2.640898856315499615e-02
2.561398132426612878e-02
2.658478214606836351e-02
2.577962861161448710e-02
2.676313674480233079e-02
2.594895688305358383e-02
2.694438842849714716e-02
2.612227600337472394e-02
2.712910792197509649e-02
2.629853763260439278e-02
2.731745655221564512e-02
2.647845460482495597e-02
2.751002989648146380e-02
2.665957179958384007e-02
2.770509394660083599e-02
2.684419341044657834e-02
2.790319647441715303e-02
2.703225180520979834e-02
2.810454450412411612e-02
2.722308999764214837e-02
2.830886378683135710e-02
2.741687365539506246e-02
2.851649788296957422e-02
2.761356530461670650e-02
2.872704380688216250e-02
2.781299446381457763e-02
2.894053629074521891e-02
2.801440397725621020e-02
2.915679295944920493e-02
2.821875806120879501e-02
2.937598514090338300e-02
2.842478858333623293e-02
2.959791768645460980e-02
2.863331499001050065e-02
2.982302614089196030e-02
2.884416150208746199e-02
3.004939846104683412e-02
2.905846004116053455e-02
3.027948308096663210e-02
2.927378977174205713e-02
3.051156119278056189e-02
2.949179988013481135e-02
3.074592164438488817e-02
2.971169541129800237e-02
3.098129704457746117e-02
2.993348570242037807e-02
3.121975866106914410e-02
3.015706280055464872e-02
3.146147271149268149e-02
3.038139785709346313e-02
3.170482802348052048e-02
3.060742128039452281e-02
3.194919620887946843e-02
3.083573201354683144e-02
3.219604005750491271e-02
3.106541169332318816e-02
3.244488317074574468e-02
3.129602997755144556e-02
3.269414368978756924e-02
3.152868696610842264e-02
3.294315594349984944e-02
3.176393553382939744e-02
3.319477741453451258e-02
3.199974948135266700e-02
3.344783115201617474e-02
3.223547777908399026e-02
3.370341612290782274e-02
3.247146900798512231e-02
3.395873194989855459e-02
3.270899329516092913e-02
3.421591613510375357e-02
3.294668656933517209e-02
3.447465552830808466e-02
3.318416765267886287e-02
3.473311226471238050e-02
3.342246841189203815e-02
3.499296970393278583e-02
3.366023859397036105e-02
3.525359838235768428e-02
3.389763908883289961e-02
3.551394904964624150e-02
3.413547859552911595e-02
3.577401050828722673e-02
3.437326335371865965e-02
3.603420173756195777e-02
3.461112692609984165e-02
3.629387172633957021e-02
3.484666074245126172e-02
3.655474402258409444e-02
3.508078048120579634e-02
3.681551274524964140e-02
3.531485863684937637e-02
3.707442699928370500e-02
3.554820509556195357e-02
3.733256101643808028e-02
3.578048084153881425e-02
3.758913359506948354e-02
3.601239759033555976e-02
3.784467851237967306e-02
3.624268623659467059e-02
3.810026870485301587e-02
3.647036311854549850e-02
3.835411851999603883e-02
3.669682382196288312e-02
3.860714060761229888e-02
3.692025276365804021e-02
3.885941154583302803e-02
3.714114864197521487e-02
3.910856091341170793e-02
3.736712970104585918e-02
3.936443380394679531e-02
3.759679224188133828e-02
3.962252181548303609e-02
3.783143548348023161e-02
3.988839970383339928e-02
3.806906464951748115e-02
4.015890102635393671e-02
3.830997165459528592e-02
4.043322141993204583e-02
3.855493594075340424e-02
4.071088169637728654e-02
3.880378744552034909e-02
4.099330383299281538e-02
3.905499059415890040e-02
4.127774339696383549e-02
3.931037717865128178e-02
4.157076517361363299e-02
3.956530903943795974e-02
4.186534245863559461e-02
3.982180323403371192e-02
4.216515654724542483e-02
4.008029179152329535e-02
4.246478045021238878e-02
4.034177459165250862e-02
4.276934236158470848e-02
4.060297090959789912e-02
4.307588219093280019e-02
4.086612227349153970e-02
4.338645678799640110e-02
4.112858178273115506e-02
4.369764633467405207e-02
4.139120930522986047e-02
4.401262054736199830e-02
4.165394383555352797e-02
4.432811867155876662e-02
4.191542580934669304e-02
4.464580649805730689e-02
4.217702716888028364e-02
4.496242317667731997e-02
4.243780585923871002e-02
4.528244429526538661e-02
4.269701429593649594e-02
4.560134510159552512e-02
4.295439723584672936e-02
4.592150292990130472e-02
4.320970471221696751e-02
4.624246222279415619e-02
4.346212384492797315e-02
4.656192069531951694e-02
4.371094663139753894e-02
4.688083938745407631e-02
4.395587784664266306e-02
4.719935905742973087e-02
4.419902760780753531e-02
4.751548211513809128e-02
4.443726025971137666e-02
4.783148190687016438e-02
4.467133139501115735e-02
4.814681544535272251e-02
4.490008810874421274e-02
4.845994772144628093e-02
4.512456019146239561e-02
4.877202824345824167e-02
4.534258111717146683e-02
4.908252777999919103e-02
4.555462198087820158e-02
4.938999878398242505e-02
4.576069658024594505e-02
4.969253683009820094e-02
4.596049295773281529e-02
4.999389715528541195e-02
4.615316398284440014e-02
5.029040919798438009e-02
4.633948657075714211e-02
5.058199735479813192e-02
4.651771477833768764e-02
5.086957420383723949e-02
4.668674609014191595e-02
5.115353317212405909e-02
4.684786081824200005e-02
5.143157341073840982e-02
4.700089123152510762e-02
5.170275683241572912e-02
4.714503280374313099e-02
5.196939129440499017e-02
4.727856556442636832e-02
5.222970774158506441e-02
4.740290889513166378e-02
5.248122049155746344e-02
4.751742039401023882e-02
5.272435054991152920e-02
4.762073096734956157e-02
5.295734900959494368e-02
4.771292306560290242e-02
5.318130511055478571e-02
4.779180295880929019e-02
5.339298670362299659e-02
4.785987629498337365e-02
5.359270768164248883e-02
4.791551370847097618e-02
5.377994062236755857e-02
4.796004948650354344e-02
5.395245298555998575e-02
4.799164111591718712e-02
5.411182745739265970e-02
4.801025485619701827e-02
5.425840677988897492e-02
4.801648996864749108e-02
5.438964541848025080e-02
4.801034771509413157e-02
5.450600087022015872e-02
4.799334810563028741e-02
5.460437005881922656e-02
4.796547129565503775e-02
5.468739135597978224e-02
4.792646612247040971e-02
5.475452349497056392e-02
4.787833770065874628e-02
5.480379618159119531e-02
4.782111782470220562e-02
5.483599055820417151e-02
4.775509415002971575e-02
5.485158171091943785e-02
4.768089684342659285e-02
5.485076557346210691e-02
4.759921893488424510e-02
5.483455451618511611e-02
4.750899961344590833e-02
5.480355632941383281e-02
4.741244720703868820e-02
5.475715790005809824e-02
4.731205975415889164e-02
5.469298211000546417e-02
4.720643375663664820e-02
5.461472274659615045e-02
4.709693493295240979e-02
5.452221180041204318e-02
4.698425894752965293e-02
5.441634865545708771e-02
4.686913902077638472e-02
5.429809582922844741e-02
4.675252166839254792e-02
5.416606957393453603e-02
4.663654014357521138e-02
5.402254759923715011e-02
4.652274092754665052e-02
5.386727960293539313e-02
4.640766574473351863e-02
5.370579507341775166e-02
4.629491474382254473e-02
5.353523711946958641e-02
4.618259063533988046e-02
5.335984770013113554e-02
4.607198629605280260e-02
5.317958660160274076e-02
4.596417112832268392e-02
5.299569666795249379e-02
4.585757750303760122e-02
5.281232739378911856e-02
4.575094246495140654e-02
5.262154315734489385e-02
4.565260955405733151e-02
5.242965862142963396e-02
4.555699831977024633e-02
5.223968887283383933e-02
4.546305837204012157e-02
5.205152856955675561e-02
4.537557055514228332e-02
5.186377945744106294e-02
4.528916078126103695e-02
5.168155331806492669e-02
4.520559273333586703e-02
5.150290519362392405e-02
4.512645214948918931e-02
5.132886778626653823e-02
4.505055657786948692e-02
5.116034653983362462e-02
4.497646904670601214e-02
5.099689729533485316e-02
4.490632500279920225e-02
5.084097449891515630e-02
4.483852410651982534e-02
5.068919315729010500e-02
4.477558108178932017e-02
5.054276667133038997e-02
4.471706498464850243e-02
5.040292369676779849e-02
4.466257707663948834e-02
5.026852536718724035e-02
4.461284818978385192e-02
5.014202466770428107e-02
4.456628655669670619e-02
5.002268034854398526e-02
4.452336747024648878e-02
4.990953890541211663e-02
4.448527291571095083e-02
4.980445053177593590e-02
4.445032399186624184e-02
4.970712983717003042e-02
4.441868666573627056e-02
4.961734112709945133e-02
4.439047561574121364e-02
4.953487653697905696e-02
4.436584215954150756e-02
4.945949590192259826e-02
4.434482169277424723e-02
4.939109779451927862e-02
4.432741303723097132e-02
4.932958501546511748e-02
4.431359245552446424e-02
4.927485687649482693e-02
4.430331963238091919e-02
4.922680950296515201e-02
4.429653751736006145e-02
4.918533082564597453e-02
4.429317599161972097e-02
4.915029743722288541e-02
4.429315465644562133e-02
4.912156351023244660e-02
4.429639255461152725e-02
4.909895023243159712e-02
4.430281957266982151e-02
4.908229638251269955e-02
4.431233836809826687e-02
4.907142746792741983e-02
4.432484643603153140e-02
4.906615669132335239e-02
4.434023668110749494e-02
4.906628567913454142e-02
4.435839811498834551e-02
4.907160500164078898e-02
4.437921678332323872e-02
4.908189445772929288e-02
4.440256742917413763e-02
4.909693282682719984e-02
4.442833134045989785e-02
4.911647897281060798e-02
4.445639771359885528e-02
4.914027372962589263e-02
4.448665942155588526e-02
4.916804737828203015e-02
4.451901674068207970e-02
4.919951719919503363e-02
4.455338171717103390e-02
4.923438285856934077e-02
4.458968591582353203e-02
4.927224105124072828e-02
4.462795732078807254e-02
4.931241541486906799e-02
4.466848529070254620e-02
4.935744903162473524e-02
4.470889847369915321e-02
4.940374173739809499e-02
4.475157327390374279e-02
4.945410923492035010e-02
4.479398645979838084e-02
4.950550586175816309e-02
4.483808882983916083e-02
4.955814210061333658e-02
4.488351379082148457e-02
4.961513945295135258e-02
4.492735587063385883e-02
4.967344467974488254e-02
4.497142153958034322e-02
4.973129130430756911e-02
4.501686203872300174e-02
4.979125242869921614e-02
4.506139296026799579e-02
4.985154913279416650e-02
4.510598307561382303e-02
4.991566085230795397e-02
4.514737382566780255e-02
4.998067038860453531e-02
4.518713087194963646e-02
5.004436199341903702e-02
4.522663612735385724e-02
5.010728021869168686e-02
4.526526049344456459e-02
5.017075669195399101e-02
4.530161772705514761e-02
5.023315799574330776e-02
4.533654885294818859e-02
5.029457315759794378e-02
4.536968766055038405e-02
5.035463100075683596e-02
4.540101914446872944e-02
5.041302718228581059e-02
4.543051033049889248e-02
5.047012921609054376e-02
4.545761890911147879e-02
5.052458348301512581e-02
4.548340480803066826e-02
5.057597976022952524e-02
4.550758366343722605e-02
5.062328552439433055e-02
4.553115589909718930e-02
5.066931176275531884e-02
4.555187443590119623e-02
5.071359749832910629e-02
4.556977830480414549e-02
5.075575672385690407e-02
4.558527917964997483e-02
5.079509243700258692e-02
4.559806028689429580e-02
5.083173122415131362e-02
4.560817739119500669e-02
5.086541360605432299e-02
4.561569472089721522e-02
5.089591160032307104e-02
4.562065029346865780e-02
5.092305900487605758e-02
4.562305441960196051e-02
5.094674554598377370e-02
4.562290954831276640e-02
5.096688777742289234e-02
4.562021464715980412e-02
5.098343223466639262e-02
4.561498627793249966e-02
5.099632722348058228e-02
4.560728241699982949e-02
5.100548708168927553e-02
4.559719973982687830e-02
5.101081342769325094e-02
4.558485733290929681e-02
5.101222734208198800e-02
4.557037501575481042e-02
5.101242152409202202e-02
4.555156939982039216e-02
5.100948083345804157e-02
4.552971315262861751e-02
5.100208751238310273e-02
4.550585305791938345e-02
5.099067124675682461e-02
4.547978781211570176e-02
5.097505069864523286e-02
4.545177985081158556e-02
5.095511686551590369e-02
4.542207601235642017e-02
5.093121269548418761e-02
4.539058530316572582e-02
5.090216360150107144e-02
4.535844462919844111e-02
5.086870411028730776e-02
4.532540753984759530e-02
5.083209768592322070e-02
4.529071061828585099e-02
5.079435931120872272e-02
4.525279991075088076e-02
5.075261897028365138e-02
4.521388305066570412e-02
5.070696080392531058e-02
4.517414631194658498e-02
5.065448442602807355e-02
4.513654394555150634e-02
5.060090417874730379e-02
4.509661929183873819e-02
5.054334620996862176e-02
4.505651805947928634e-02
5.048585638752679794e-02
4.501362726057819841e-02
5.042591395180867631e-02
4.496940301448004024e-02
5.036436061324146840e-02
4.492401370427338836e-02
5.029932098045720307e-02
4.487857338072043234e-02
5.023065331646192622e-02
4.483321064292827146e-02
5.016026693020801674e-02
4.478711365999649835e-02
5.008809846272698624e-02
4.474035928054748146e-02
5.001411259738140075e-02
4.469303999416451845e-02
4.993830782544483177e-02
4.464526615015237260e-02
4.986065714122468739e-02
4.459717537498265189e-02
4.978109855751227525e-02
4.454893737108051727e-02
4.969953149342928173e-02
4.450078055018569234e-02
4.961614781199414487e-02
4.445273475008818670e-02
4.953174149961861450e-02
4.440430994607418719e-02
4.944598664293260032e-02
4.435577709558562176e-02
4.935877843641462565e-02
4.430734749262004585e-02
4.927010045852202313e-02
4.425911692604152931e-02
4.918005538587421482e-02
4.421111594393884597e-02
4.908878512973095104e-02
4.416333204349719155e-02
4.899644004935401614e-02
4.411572792960374856e-02
4.890315932128566634e-02
4.406824540569349857e-02
4.880906935089054238e-02
4.402078356760211891e-02
4.871430622624090684e-02
4.397324809548677077e-02
4.861895277803691268e-02
4.392555509117804236e-02
4.852301343110427406e-02
4.387768374858794923e-02
4.842629671358894550e-02
4.382975245290655214e-02
4.832894663351325337e-02
4.378165950083146712e-02
4.823332968371513152e-02
4.373150972686976751e-02
4.813500010498793225e-02
4.368259319300162036e-02
4.803733388247405367e-02
4.363220546464484373e-02
4.793651410377282318e-02
4.358299637438957375e-02
4.783668709847317679e-02
4.353210535847798490e-02
4.773507599023284198e-02
4.348112167204217643e-02
4.763385377096878565e-02
4.342850975937936203e-02
4.753161382364173848e-02
4.337595790765780973e-02
4.742869233924895678e-02
4.332262278921639870e-02
4.732400604257543802e-02
4.326904914365777705e-02
4.721820980424781128e-02
4.321430919341261168e-02
4.711174033865912769e-02
4.315874525346753698e-02
4.700462904269871872e-02
4.310160182696370912e-02
4.689621282866383856e-02
4.304320696260240803e-02
4.678671168075364262e-02
4.298229992128580618e-02
4.667738761720744561e-02
4.291907453161834807e-02
4.656781169022995714e-02
4.285400282772845043e-02
4.645560901043743751e-02
4.278818299925093993e-02
4.634157580285951095e-02
4.272991841452372652e-02
4.624492988081967820e-02
4.268582779531716886e-02
4.616384923717238575e-02
4.265050071857943992e-02
4.609115417913293988e-02
4.262518528468390439e-02
4.603156525403212518e-02
4.260813513423028498e-02
4.598312782394212150e-02
4.259724911993864604e-02
4.594540718061363577e-02
4.259011033037653216e-02
4.591839740539396808e-02
4.259227048367553170e-02
4.590242184181394375e-02
4.260134222282667416e-02
4.589655634756820146e-02
4.261808788193318515e-02
4.590159393748977079e-02
4.264271000691147173e-02
4.591621876639410960e-02
4.267369540281149010e-02
4.594072438409121245e-02
4.270985075215466553e-02
4.597558153689563359e-02
4.275326010478409239e-02
4.601882384780409119e-02
4.280171332860243510e-02
4.607129094863356839e-02
4.285640770036248937e-02
4.613132707284450795e-02
4.291577898964069743e-02
4.620021789455259348e-02
4.298045940404588566e-02
4.627627002893377334e-02
4.304967758787506954e-02
4.635762901715945877e-02
4.312315087803442193e-02
4.644407281492575479e-02
4.319744991662716888e-02
4.653303736123449302e-02
4.327302185190255029e-02
4.662516893567001525e-02
4.334672131814318319e-02
4.671734510631437437e-02
4.341867250125226729e-02
4.680939360381883296e-02
4.348847289035969593e-02
4.689841052971414903e-02
4.355502032067220392e-02
4.698464949241255156e-02
4.361787647650407912e-02
4.706689555427714250e-02
4.367689710009381443e-02
4.714383953907563124e-02
4.373076971845826777e-02
4.721536197752460029e-02
4.378070358135618956e-02
4.727899788647092066e-02
4.382458634273268122e-02
4.733588382325736726e-02
4.386200171332375192e-02
4.738528722946910854e-02
4.389262401051825802e-02
4.742648967094695300e-02
4.391612109478588988e-02
4.745888379980230803e-02
4.393220405781291665e-02
4.748190884961005220e-02
4.394063562828789959e-02
4.749503683121317210e-02
4.394121066901961192e-02
4.749778927988001359e-02
4.393370100117815341e-02
4.748978792789095016e-02
4.391809362639434444e-02
4.747050789961858308e-02
4.389435595316790867e-02
4.743954424113888679e-02
4.386236110900543911e-02
4.739667747480614396e-02
4.382191432142343995e-02
4.734182836231115576e-02
4.377286073171603870e-02
4.727494084023325938e-02
4.371513784113408713e-02
4.719594056486617339e-02
4.364875789985781657e-02
4.710477083720604474e-02
4.357374259250534898e-02
4.700150555384595419e-02
4.348787782428149146e-02
4.688665414237053186e-02
4.339466214590415039e-02
4.676074558256550912e-02
4.329180218645265615e-02
4.662149508220407579e-02
4.318124254232801745e-02
4.646798091345419324e-02
4.306413953401472261e-02
4.630297412351230824e-02
4.293867105653827870e-02
4.612774261987236113e-02
4.280247402154385705e-02
4.594272002068040817e-02
4.265859683808296415e-02
4.574600443516072673e-02
4.250730851571767749e-02
4.553782250760440853e-02
4.234767915889676299e-02
4.531946753766129959e-02
4.218059849775043085e-02
4.509161773080760244e-02
4.200469389566371253e-02
4.485460514105975988e-02
4.182052622938289138e-02
4.460860139337509411e-02
4.162759383415442355e-02
4.435525325423853027e-02
4.142974500215469008e-02
4.408944147165989175e-02
4.122177463162089717e-02
4.381890099902810420e-02
4.100839374686889721e-02
4.353934836016017801e-02
4.078834667906349604e-02
4.325143769284712364e-02
4.056178275097363506e-02
4.295577506611038265e-02
4.033036594536632685e-02
4.265483671168530944e-02
4.009047565408880437e-02
4.234854257375755826e-02
3.984516400920887214e-02
4.203684788328082567e-02
3.959333470637827618e-02
4.171925794601356874e-02
3.933659525083413322e-02
4.139832498008697709e-02
3.907319273392068776e-02
