4.224892575514430093e-02
2.519332439892551373e-02
2.650729094311514780e-02
2.755891479190579821e-02
2.828496074646408287e-02
2.886606385714688208e-02
2.940766023806830678e-02
2.995168574843940640e-02
3.049138232364589224e-02
3.103963182287932873e-02
3.158713786407155166e-02
3.214590380403891529e-02
3.270026534294571269e-02
3.326339457508450254e-02
3.382025643723993169e-02
3.439434309642031007e-02
3.495419967567492403e-02
3.553161950752906778e-02
3.609447461335416052e-02
3.668134826365332390e-02
3.724374736574045247e-02
3.783639746922957264e-02
3.839786883236526865e-02
3.899791595075636358e-02
3.956201085129185113e-02
4.016341930973046925e-02
4.072634113730898980e-02
4.133155732159331242e-02
4.189248886534405192e-02
4.250675549552088150e-02
4.306087630625497764e-02
4.368148767102570523e-02
4.422493383133247608e-02
4.485651218486508274e-02
4.539320897782206377e-02
4.603064958841960458e-02
4.655645754736172093e-02
4.719913978654711323e-02
4.772045999710106817e-02
4.837008256062438200e-02
4.887455871833062265e-02
4.953273416865430073e-02
5.002473304196811132e-02
5.068522168300587660e-02
5.116480084979604243e-02
5.183395079465259042e-02
5.230043132844700016e-02
5.297363927162097169e-02
5.342756178488787533e-02
5.411301717574198977e-02
5.453979133944697466e-02
5.523395203874625903e-02
5.564002216320213662e-02
5.634974481466371865e-02
5.672731344681174181e-02
5.744735901280660639e-02
5.781381967715392561e-02
5.853696884932855365e-02
5.887492259310328491e-02
5.960949403384546708e-02
5.992694255123750396e-02
6.066993147815039067e-02
6.095503991518719938e-02
6.171364254932632659e-02
6.197729035893091709e-02
6.273923253846441783e-02
6.297749619982476177e-02
6.375189379589350780e-02
6.395752962354546434e-02
6.474246651299538080e-02
6.492225213598565303e-02
6.571543122166992323e-02
6.587038467944336673e-02
6.667160712527192556e-02
6.679069705851331529e-02
6.760751134769434068e-02
6.769169762663379553e-02
6.852193041573573229e-02
6.856923589890363824e-02
6.941525756945966796e-02
6.943288093616288570e-02
7.028759200183992695e-02
7.026885723473950962e-02
7.113716441022790993e-02
7.108424103844437902e-02
7.196227254859711986e-02
7.188333356383554140e-02
7.275945532800047466e-02
7.266052794988386854e-02
7.353971339389432649e-02
7.340226351632354873e-02
7.430291637016053774e-02
7.411484118140652944e-02
7.503496571511210356e-02
7.481180840748670458e-02
7.573427722634855364e-02
7.548981092893777833e-02
7.640889209470748400e-02
7.614361073989024675e-02
7.706801915808937642e-02
7.676391502756992058e-02
7.769532139897990242e-02
7.736567142307862466e-02
7.829906077755610649e-02
7.793158460006746613e-02
7.888364978998071986e-02
7.847123577852214982e-02
7.943263688461112138e-02
7.899294357211956996e-02
7.995729386277494743e-02
7.948409706246523099e-02
8.045727128706081643e-02
7.995084190155186954e-02
8.092777732005281000e-02
8.039635831364705387e-02
8.137067406712018836e-02
8.081223474010064411e-02
8.178637502961322303e-02
8.119690608220432593e-02
8.218433056570212392e-02
8.155552533621193700e-02
8.254563772771550401e-02
8.189488054539227624e-02
8.287825743189876360e-02
8.221087360676804234e-02
8.319106610047871664e-02
8.249990261171603889e-02
8.346854575141003652e-02
8.276450082234917960e-02
8.372352004198468922e-02
8.300901274958122356e-02
8.395311382867091943e-02
8.322014024613517968e-02
8.415586970901156594e-02
8.341625856108965398e-02
8.432843492752815917e-02
8.357913927506560592e-02
8.448890375150713838e-02
8.371771414211183482e-02
8.461456331191133384e-02
8.383319236041833489e-02
8.471694339010212016e-02
8.392707348759553820e-02
8.479554153148283202e-02
8.400059321711161875e-02
8.484172634683632974e-02
8.405594593151105576e-02
8.486531554276893763e-02
8.408276063288611102e-02
8.486945139067621213e-02
8.409203429640664529e-02
8.484421915783327273e-02
8.407379282909470397e-02
8.480275813331791812e-02
8.403779824774279539e-02
8.473564072748357434e-02
8.397636806624896033e-02
8.465117147953475640e-02
8.389294625309590137e-02
8.454387423968316717e-02
8.379507070051162021e-02
8.441364328258242622e-02
8.368346483433342087e-02
8.425491996860126620e-02
8.354950176729988853e-02
8.408432260000499314e-02
8.338736047165178078e-02
8.390488154455180703e-02
8.320091734935615435e-02
8.370112017810102389e-02
8.300723478708231517e-02
8.347623613827608036e-02
8.278945291672515361e-02
8.323351732590399121e-02
8.255884709178507030e-02
8.296639598292657181e-02
8.232082552424681288e-02
8.269125578624408890e-02
8.205904290980621518e-02
8.239091957687942613e-02
8.178066016271177963e-02
8.208104283404842050e-02
8.148906680240865230e-02
8.175415193546395343e-02
8.118290728452781657e-02
8.141296074860282506e-02
8.086012321807185821e-02
8.105438161032528510e-02
8.052687752391204934e-02
8.068722822264501326e-02
8.017547918609667368e-02
8.030783516487509377e-02
7.983292771850869496e-02
7.995442209317639437e-02
7.951295617247200465e-02
7.962280259222556666e-02
7.921685221619388650e-02
7.932097951796997226e-02
7.894424673321594199e-02
7.904157558720065202e-02
7.869653690341223140e-02
7.878834035117389389e-02
7.847103732878331350e-02
7.856105012162559187e-02
7.826953297222985495e-02
7.836051320434324341e-02
7.809271210379385708e-02
7.818321954870320611e-02
7.794034020262084750e-02
7.802948280940165404e-02
7.781383628120010221e-02
7.790150493463576797e-02
7.771119151616996679e-02
7.780126887191790575e-02
7.763084536202162489e-02
7.772291428152701409e-02
7.757459247340244002e-02
7.767143183164139375e-02
7.754059242864701218e-02
7.764427036527558890e-02
7.753103755726525881e-02
7.763972266685052748e-02
7.754575306719645178e-02
7.766042296568743952e-02
7.758369551645825923e-02
7.770386623345934551e-02
7.764584574569388664e-02
7.776898060039405536e-02
7.773214372702941244e-02
7.785776868836211118e-02
7.784153206962872440e-02
7.796924415498275585e-02
7.797359049317743873e-02
7.810456825843690998e-02
7.812697789452424657e-02
7.826356601065601049e-02
7.830358996950345651e-02
7.844516516088552438e-02
7.850052072572272222e-02
7.865117111707724262e-02
7.871803645761554780e-02
7.888116012141634104e-02
7.895931468999126124e-02
7.913038968093955017e-02
7.922322857472741120e-02
7.940257473647559239e-02
7.950860411651734794e-02
7.969369254107902534e-02
7.981657947479875448e-02
8.000723765089537420e-02
8.014388627514150432e-02
8.034276668699744106e-02
8.049095877651957220e-02
8.069648535785338417e-02
8.085992227531525744e-02
8.107090791747156855e-02
8.125235028602495468e-02
8.146019534163831399e-02
8.166262753998378143e-02
8.188450241281827746e-02
8.208158359125650172e-02
8.232065830080705082e-02
8.252941787463144441e-02
8.277111952961155317e-02
8.299310866465070546e-02
8.324800035170455692e-02
8.347694048597772976e-02
8.374463345173344120e-02
8.397342967151179283e-02
8.425239453052721372e-02
8.449318013958882767e-02
8.477976850495838601e-02
8.502892562028740997e-02
8.532931417034467225e-02
8.557823867932576323e-02
8.589642046825027299e-02
8.615016267220022839e-02
8.647148954923571107e-02
8.673436751948676582e-02
8.707356314039818579e-02
8.733074919666111713e-02
8.769168272210162152e-02
8.794347086326484431e-02
8.833029175787102116e-02
8.857145349597389528e-02
8.896862993877019399e-02
8.921425606001166797e-02
8.963449894295026643e-02
8.987120023599487473e-02
9.031520581892210631e-02
9.053653221873432522e-02
9.101261039203741021e-02
9.121970635347866063e-02
9.172256150939463171e-02
9.191492759315703087e-02
9.244274834455874779e-02
9.262309020706258056e-02
9.317480264258623524e-02
9.334081138076261164e-02
9.392082613955674009e-02
9.408036593326377095e-02
9.468181718488488663e-02
9.482113394640008519e-02
9.545386465324107172e-02
9.557403431851259346e-02
9.623290654313662595e-02
9.633072521807220512e-02
9.701305668541058969e-02
9.709938973851237054e-02
9.781423435137935607e-02
9.787119816768231895e-02
9.862093197386195831e-02
9.865586855969903091e-02
9.943421788859138633e-02
9.944690813672374397e-02
1.002568431836449725e-01
1.002409479884540100e-01
1.011014721824165102e-01
1.010381981645467608e-01
1.019396233673504765e-01
1.018443508041236567e-01
1.027879383533847751e-01
1.026573716667429220e-01
1.036465915995846004e-01
1.034691153088350135e-01
1.045165871907424437e-01
1.042781917722842011e-01
1.053846295718157827e-01
1.050995155053985886e-01
1.062639749653878224e-01
1.059230836432114853e-01
1.071410653725522605e-01
1.067411077488862742e-01
1.080239111901970250e-01
1.075521321113562384e-01
1.089016613729258676e-01
1.083496154578153653e-01
1.097626586399002568e-01
1.091215582578663468e-01
1.106073022590538107e-01
1.098704839217699847e-01
1.114192024494423394e-01
1.105859341115962291e-01
1.122074129686051330e-01
1.112526727545978672e-01
1.129632303879440358e-01
1.118793300720234557e-01
1.136800242070094558e-01
1.124695398240122823e-01
1.143522352820109389e-01
1.130136208864197800e-01
1.149811395834629407e-01
1.135128692689677532e-01
1.155698725275651761e-01
1.139529655780344847e-01
1.161099642643047269e-01
1.143475442917031154e-01
1.166100611971921663e-01
1.146784491068988526e-01
1.170640655506651334e-01
1.149654507344529258e-01
1.174638026439051852e-01
1.151966550748912965e-01
1.178216757195429953e-01
1.153747829366277844e-01
1.181318964455661952e-01
1.154999621024132839e-01
1.183916718509787774e-01
1.155691635642611542e-01
1.186015136795492003e-01
1.155877060760728964e-01
1.187572737666722777e-01
1.155597728613761283e-01
1.188642049740902262e-01
1.154819309335221034e-01
1.189273818318010295e-01
1.153507107737788973e-01
1.189360386249835033e-01
1.151772870024131423e-01
1.189018306908541517e-01
1.149533393885005667e-01
1.188229285537385355e-01
1.146820460207425840e-01
1.186907922686143563e-01
1.143730416257010829e-01
1.185143569873075703e-01
1.140204776592987912e-01
1.182887574006760006e-01
1.136311584188222784e-01
1.180118375720846380e-01
1.132098743569320831e-01
1.176894357084782294e-01
1.127542658169592010e-01
1.173218055393609044e-01
1.122668974767354055e-01
1.169105441028867876e-01
1.117492294732507357e-01
1.164605706134756169e-01
1.111995759697191333e-01
1.159608596014101989e-01
1.106242709125782042e-01
1.154313586441596678e-01
1.100280118218431025e-01
1.148468444918489678e-01
1.094107408066120751e-01
1.142348150316325472e-01
1.087627912782311163e-01
1.135966887092515476e-01
1.080922018127163792e-01
1.129192067619531614e-01
1.074080276381038507e-01
1.121990573655690104e-01
1.067096895710837878e-01
1.114533997839465551e-01
1.059992355878731918e-01
1.106761068439009038e-01
1.052665759862191630e-01
1.098705382520770574e-01
1.045260032089641300e-01
1.090394387747677940e-01
1.037655760659086240e-01
1.081957695643226691e-01
1.029959915646246893e-01
1.073244703643900372e-01
1.022110961964417253e-01
1.064411755908947488e-01
1.014196404307498023e-01
1.055337919893018783e-01
1.006158370431252530e-01
1.046039634951747427e-01
9.981814235128155799e-02
1.036557349126811661e-01
9.900457194442587039e-02
1.027013430007399086e-01
9.818290698238915648e-02
1.017427040188762927e-01
9.735206502519747063e-02
1.007800261188588203e-01
9.650795509409068607e-02
9.980424050468096608e-02
9.566682592684318254e-02
9.882224042040498035e-02
9.481031366003926653e-02
9.784259641023992926e-02
9.395277276235387831e-02
9.685455675833834488e-02
9.308901213075203296e-02
9.586972609644386911e-02
9.222074042011388362e-02
9.487690162321731069e-02
9.134392383833679629e-02
9.388754042243113718e-02
9.046491794872328629e-02
9.289847961399438914e-02
8.958287572693841849e-02
9.190988565937804888e-02
8.869499382647409724e-02
9.092040647887139615e-02
8.781446545759265254e-02
8.994319742525865025e-02
8.691376257412246342e-02
8.895681152356825494e-02
8.602892464550561391e-02
8.796189648364435842e-02
8.514040896759081378e-02
8.698190931629790068e-02
8.424596320713438613e-02
8.601036851382054538e-02
8.334657438676355834e-02
8.503742864386040767e-02
8.245119964435847215e-02
8.406793046220406573e-02
8.155700477891542066e-02
8.310466712450419180e-02
8.065652341439299988e-02
8.214133819375045442e-02
7.976266680215025884e-02
8.118575256590544742e-02
7.886651172907710450e-02
8.023820421786639900e-02
7.796385996909872829e-02
7.928958125129113854e-02
7.707276193762023497e-02
7.834123719397938224e-02
7.617637091804171923e-02
7.739120010105414449e-02
7.529291958367882731e-02
7.644512008760408206e-02
7.440709472544539127e-02
7.550815799839249998e-02
7.351881243615798756e-02
7.458220784582376972e-02
7.263132229357406600e-02
7.365728426810405627e-02
7.174290493502517851e-02
7.272992440007756965e-02
7.086689715188496108e-02
7.180458122733171522e-02
6.998337250462627335e-02
7.088676450882218372e-02
6.910449487739404872e-02
6.997230093555263652e-02
6.822063192521207742e-02
6.906621601723179904e-02
6.734093827497442120e-02
6.816074278122698227e-02
6.646411844455035745e-02
6.725934107450168287e-02
6.558462092683198241e-02
6.635419725886988751e-02
6.471186359297412261e-02
6.545572339844021870e-02
6.384093927959710868e-02
6.456155213714999397e-02
6.297141660497643234e-02
6.366246329389817216e-02
6.209954146646537443e-02
6.276825183743284242e-02
6.122620762002616013e-02
6.188135995727497146e-02
6.035996172785507152e-02
6.098847455115101457e-02
5.949183146025784075e-02
6.009486837333333914e-02
5.862222681121413009e-02
5.921395785236310133e-02
5.775663452536754228e-02
5.832470306978759789e-02
5.689030340296109822e-02
5.743713925557818178e-02
5.602646897228952955e-02
5.655546550539377465e-02
5.516268252117308840e-02
5.567736546997268526e-02
5.428860636126824762e-02
5.480194749868064902e-02
5.342702287860601196e-02
5.391998201175902949e-02
5.255912957943017355e-02
5.303958012707124525e-02
5.169584295870967294e-02
5.216202806043652995e-02
5.083233572811127199e-02
5.128245644499587752e-02
4.997226827246317726e-02
5.040637006863146752e-02
4.911162590938068090e-02
4.953213578212924129e-02
4.825115780527465537e-02
4.865611321809518858e-02
4.739045273912530915e-02
4.778579463108177661e-02
4.652818659786246702e-02
4.691292646196432159e-02
4.566952940620890022e-02
4.604230416757423838e-02
4.481296058183215081e-02
4.517320669054426113e-02
4.395816325027739058e-02
4.430646206438701440e-02
4.310506567822051938e-02
4.344239064422370650e-02
4.225410214897044187e-02
4.258039654161409338e-02
4.140537681445772417e-02
4.171819908139788591e-02
4.055972161561925693e-02
4.085882684675948284e-02
3.971676285097595210e-02
4.001063333736368938e-02
3.887479623459821898e-02
3.915081111418332316e-02
3.803779500438591449e-02
3.830973645763381674e-02
3.720926708459075527e-02
3.745970355233459170e-02
3.638038707903902547e-02
3.662171277619773180e-02
3.555866863447595255e-02
3.578626328023475078e-02
3.474119587065389869e-02
3.495164351373997863e-02
3.392675717861231427e-02
3.413150703546719011e-02
3.312374162136121070e-02
3.331037581312949053e-02
3.232197598243540665e-02
3.249739469983261436e-02
3.152923470448576460e-02
3.169004729731690617e-02
3.074375861343952437e-02
3.089006866457823242e-02
2.996413918125958101e-02
3.009758430587753178e-02
2.919391263341340748e-02
2.931320954004136559e-02
2.843286896440807426e-02
2.854124433663295796e-02
2.768317035203460980e-02
2.777515046281455249e-02
2.694062503990425628e-02
2.701762211403906447e-02
2.620835088251280073e-02
2.627087391396815824e-02
2.548716013029696248e-02
2.553408068793602478e-02
2.477634763459822184e-02
2.480873803537763170e-02
2.407799201016050383e-02
2.409521056131366801e-02
2.339300891881700845e-02
2.339515459970550881e-02
2.272130060440233010e-02
2.270849183434529850e-02
2.206469319333870249e-02
2.203623022512771201e-02
2.142364233970350806e-02
2.138081843458016634e-02
2.080023917271295320e-02
2.074315783176467268e-02
2.019663922760262659e-02
2.012553510511307792e-02
1.961463771117862714e-02
1.953011716803315992e-02
1.905719384318436266e-02
1.896106876711473044e-02
1.852790929730504729e-02
1.842198113701086146e-02
1.803098882412959916e-02
1.791688537009439308e-02
1.756937495530840401e-02
1.744914594951257891e-02
1.714555964753329553e-02
1.702077692693697297e-02
1.675862348149324138e-02
1.663012097901727868e-02
1.640429638453577352e-02
1.627213912953336117e-02
1.607526172317871177e-02
1.593945526625356601e-02
1.576393727611820339e-02
1.562530823305538497e-02
1.546452738645114934e-02
1.532459675303029026e-02
1.517382320428616212e-02
1.503434297090164642e-02
1.489062542931227605e-02
1.475306992400356870e-02
1.461473758217065461e-02
1.448007327509063906e-02
1.434626997431309552e-02
1.421504105009924711e-02
1.408535006785517629e-02
1.395780124624257726e-02
1.383204397606335040e-02
1.370826991859356962e-02
1.358637039698100402e-02
1.346639829180295775e-02
1.334832107057548622e-02
1.323214973660981168e-02
1.311787315014574171e-02
1.300549065860088539e-02
1.289499639549420047e-02
1.278638645629687209e-02
1.267965596883657148e-02
1.257479999282328301e-02
1.247181361703551296e-02
1.237069115243511104e-02
1.227142739622526929e-02
1.217401674147235678e-02
1.207845340806763118e-02
1.198473142047203933e-02
1.189284466290749936e-02
1.180278687820082023e-02
1.171455165996504455e-02
1.162813244316540824e-02
1.154352251837789667e-02
1.146071504822284912e-02
1.137970303705047523e-02
1.130047933648433735e-02
1.122303636422172964e-02
1.114736712743146646e-02
1.107346397381439237e-02
1.100131925262931229e-02
1.093092504532122873e-02
1.086227345425359349e-02
1.079535648083687800e-02
1.073016595780089573e-02
1.066669358772028529e-02
1.060493094767804914e-02
1.054486949582430708e-02
1.048650056588603177e-02
1.042981536904477070e-02
1.037480499208849431e-02
1.032146039748123301e-02
1.026977242273416184e-02
1.021973177954690025e-02
1.017132905279427915e-02
1.012455469938952288e-02
1.007939904701804328e-02
1.003585229252183450e-02
9.993904500380099837e-03
9.953545601050588915e-03
9.914765389167946863e-03
9.877553521649524645e-03
9.841899515715284152e-03
9.807792746832988753e-03
9.775222446601372281e-03
9.744177700581843973e-03
9.714647446103697251e-03
9.686620470162754168e-03
9.660085407000248287e-03
9.635030736059474812e-03
9.611444780072617849e-03
9.589315702068746186e-03
9.568631504794361878e-03
9.549380029600360031e-03
9.531548963892029491e-03
9.515125844478380598e-03
9.500097923960035967e-03
9.486452294927966850e-03
9.474175940355515288e-03
9.463255681099179070e-03
9.453678146979763511e-03
9.445429784586184194e-03
9.438496860143153963e-03
9.432865464444401687e-03
9.428521500518422319e-03
9.425450677690898338e-03
9.423638512027505271e-03
9.423070327396868701e-03
9.423731257326333280e-03
9.425606243779943716e-03
9.428680035113675903e-03
9.432937183052996985e-03
9.438362032401481291e-03
9.444938792622706997e-03
9.452651454080413310e-03
9.461483820072270207e-03
9.471419506059593554e-03
9.482441944538785167e-03
9.494534387372324108e-03
9.507679896236336664e-03
9.521861350673174046e-03
9.537061449422404996e-03
9.553262712583544120e-03
9.570447485170484672e-03
9.588597993976231970e-03
9.607696342760659036e-03
9.627724671791777419e-03
9.648665158331490993e-03
9.670498745692009471e-03
9.693206684633937434e-03
9.716770170481746349e-03
9.741170161285865256e-03
9.766387444196278356e-03
9.792402746656065499e-03
9.819196688558094743e-03
9.846749756712834881e-03
9.875042269712232257e-03
9.904054473069674389e-03
9.933766488508081333e-03
9.964158323760260658e-03
9.995209866482019506e-03
1.002690093975083449e-02
1.005921125870123251e-02
1.009198777175149102e-02
1.012505620396732253e-02
1.015840284925470342e-02
1.019202001208724395e-02
1.022589885560416800e-02
1.026003033649930743e-02
1.029440508089109543e-02
1.032901340188791678e-02
1.036384529867777002e-02
1.039889045876942961e-02
1.043413826046775059e-02
1.046957777601860082e-02
1.050519777638013984e-02
1.054098673707086140e-02
1.057693283988266758e-02
1.061302397585443466e-02
1.064924775581584625e-02
1.068559151668937827e-02
1.072204232921704185e-02
1.075858700518976530e-02
1.079521210479762391e-02
1.083190395096247927e-02
1.086864863944370964e-02
1.090543204628203686e-02
1.094223983954646998e-02
1.097905749090047865e-02
1.101587028782580538e-02
1.105266334631918416e-02
1.108942162407051263e-02
1.112612993409895293e-02
1.116277295882135874e-02
1.119933526453362367e-02
1.123580131627567417e-02
1.127215549305795629e-02
1.130838210342263381e-02
1.134446540131164513e-02
1.138038960221258999e-02
1.141613889955810264e-02
1.145169748134413495e-02
1.148704954694254252e-02
1.152217932407262856e-02
1.155707108590683756e-02
1.159170916827400102e-02
1.162607798693306854e-02
1.166016205488253597e-02
1.169394599967771807e-02
1.172741458071971908e-02
1.176055270648709676e-02
1.179334545167930008e-02
1.182577807423740995e-02
1.185783603221209417e-02
1.188950500044973387e-02
1.192077088706203040e-02
1.195161984965179870e-02
1.198203831135224995e-02
1.201201297743120441e-02
1.204153084897182681e-02
1.207057923797576898e-02
1.209914578298327929e-02
1.212721846264869403e-02
1.215478560776196704e-02
1.218183591378566889e-02
1.220835845359945909e-02
1.223434270572694958e-02
1.225977854667245279e-02
1.228465626602149099e-02
1.230896657806648288e-02
1.233270063282623438e-02
1.235585002506620414e-02
1.237840680319701042e-02
1.240036347736660563e-02
1.242171302696962014e-02
1.244244890749084120e-02
1.246256505666247169e-02
1.248205589988929387e-02
1.250091635503361963e-02
1.251914183658445548e-02
1.253672826427828721e-02
1.255367205971881332e-02
1.256997014111981698e-02
1.258561993261583800e-02
1.260061936577030507e-02
1.261496687879621638e-02
1.262866141574481814e-02
1.264170242478760905e-02
1.265408985535319483e-02
1.266582415495550416e-02
1.267690626425070459e-02
1.268733763184595568e-02
1.269712020984233546e-02
1.270625639754894946e-02
1.271474909357317440e-02
1.272260165100984504e-02
1.272981789645427630e-02
1.273640210379434548e-02
1.274235899932724819e-02
1.274769374265640083e-02
1.275241200628676047e-02
1.275651985957823066e-02
1.276002368165022813e-02
1.276293032994087369e-02
1.276524701757219583e-02
1.276698135175235657e-02
1.276814130012724098e-02
1.276873518850728424e-02
1.276877168675928827e-02
1.276825979570660186e-02
1.276720883536687327e-02
1.276562843191751499e-02
1.276352850494991316e-02
1.276091925437426028e-02
1.275781114729063366e-02
1.275421490473204432e-02
1.275014148835575296e-02
1.274560208709288496e-02
1.274060810378958158e-02
1.273517114186446982e-02
1.272930299201052370e-02
1.272301561896620539e-02
1.271632114838198296e-02
1.270923185380948631e-02
1.270176014383273162e-02
1.269391854937096734e-02
1.268571971117118773e-02
1.267717636751390653e-02
1.266830134215257003e-02
1.265910753250630918e-02
1.264960789812281765e-02
1.263981544943149071e-02
1.262974323680126146e-02
1.261940433992211376e-02
1.260881080791198365e-02
1.259797812800245165e-02
1.258691763486896251e-02
1.257564306187751967e-02
1.256416727843351691e-02
1.255250338459126987e-02
1.254066437839881400e-02
1.252866324165885677e-02
1.251651306798758773e-02
1.250422643320581520e-02
1.249181907381012244e-02
1.247929595246196829e-02
1.246667759573473477e-02
1.245397242443666182e-02
1.244119510294002320e-02
1.242835712518109044e-02
1.241547138590642051e-02
1.240254995476806725e-02
1.238960476447522642e-02
1.237664810796407742e-02
1.236369194433199585e-02
1.235074821125734142e-02
1.233782873984513341e-02
1.232494526656397957e-02
1.231210944037814010e-02
1.229933280628337476e-02
1.228662682317782986e-02
1.227400286253304412e-02
1.226147220859749934e-02
1.224904606177040604e-02
1.223673554106402724e-02
1.222455168731013259e-02
1.221250546644405723e-02
1.220060777311290576e-02
1.218886940713114451e-02
1.217730117014469149e-02
1.216591375315839198e-02
1.215471781102903451e-02
1.214372394132566015e-02
1.213294269852876507e-02
1.212238459525057446e-02
1.211206010834080596e-02
1.210197968327148162e-02
1.209215373917387447e-02
1.208259267362795340e-02
1.207330686748685038e-02
1.206430668959985499e-02
1.205560250140282584e-02
1.204720466140277862e-02
1.203912352944982653e-02
1.203136947082286690e-02
1.202395286019478440e-02
1.201688408467691503e-02
1.201017346159470589e-02
1.200382997820833089e-02
1.199786607761145658e-02
1.199229142559771547e-02
1.198711548823879272e-02
1.198235094854936678e-02
1.197800899266259281e-02
1.197409999068954969e-02
1.197063417242084059e-02
1.196762202745195111e-02
1.196507404968238063e-02
1.196300065969063860e-02
1.196141262816333498e-02
1.196032168749284162e-02
1.195973769232469217e-02
1.195967111591200033e-02
1.196013347000933133e-02
1.196113606940620196e-02
1.196268998501983337e-02
1.196480621089756127e-02
1.196749570861604418e-02
1.197076945022092047e-02
1.197463842624748101e-02
1.197911365451568254e-02
1.198420563902269191e-02
1.198992773503887790e-02
1.199628861444101968e-02
1.200329992215845576e-02
1.201097221311597622e-02
1.201931630947319744e-02
1.202834284842345912e-02
1.203806250367516623e-02
1.204848594399377665e-02
1.205962383823211241e-02
1.207148667530839881e-02
1.208408535610770371e-02
1.209742900114883432e-02
1.211152899683272215e-02
1.212639539786545054e-02
1.214203813651803902e-02
1.215846439704522039e-02
1.217568362700727387e-02
1.219370555340058143e-02
1.221253960231684019e-02
1.223219416935019017e-02
1.225267883915702807e-02
1.227400197103085955e-02
1.229616916915521677e-02
1.231919860092204992e-02
1.234308708284300414e-02
1.236784580248495059e-02
1.239348019432520535e-02
1.241999743158169085e-02
1.244740357244518252e-02
1.247570469744716491e-02
1.250490638823253259e-02
1.253501386323619196e-02
1.256603194043805910e-02
1.259796492058733695e-02
1.263081686390019227e-02
1.266459135634537270e-02
1.269929159549649730e-02
1.273492050766624091e-02
1.277147872771965814e-02
1.280896938457819559e-02
1.284739421138123179e-02
1.288675458578402398e-02
1.292705137364739271e-02
1.296828476820052582e-02
1.301045527096928930e-02
1.305355552920394596e-02
1.309759176901619492e-02
1.314255807185779439e-02
1.318845419024524540e-02
1.323527517514912558e-02
1.328302027465736931e-02
1.333168434967291725e-02
1.338126122918842364e-02
1.343174546064299785e-02
1.348313141941473448e-02
1.353541278411770840e-02
1.358858425925249351e-02
1.364263340945180529e-02
1.369755008022719746e-02
1.375331812260257268e-02
1.380991227181526185e-02
1.386729692851606209e-02
1.392543380650502691e-02
1.398429003758899086e-02
1.404383424089107255e-02
1.410402440777957546e-02
1.416483546823003002e-02
1.422622975633594002e-02
1.428817741535082578e-02
1.435064419614182248e-02
1.441359807026478153e-02
1.447700594800303137e-02
1.454083530282030030e-02
1.460505164264169070e-02
1.466962551711063073e-02
1.473451769526401382e-02
1.479970799512081263e-02
1.486512114449928604e-02
1.493080505839109069e-02
1.499664940866203902e-02
1.506267248787362262e-02
1.512880819385772728e-02
1.519504633283226373e-02
1.526134541527972462e-02
1.532767099948930366e-02
1.539399822898324457e-02
1.546029165208716305e-02
1.552652332400687729e-02
1.559266290637572293e-02
1.565868007866095049e-02
1.572454688519028809e-02
1.579023435724503932e-02
1.585571270295416113e-02
1.592095717209449784e-02
1.598593876536070699e-02
1.605063324993795393e-02
1.611501333548347528e-02
1.617905527813249048e-02
1.624273436317508548e-02
1.630602689937003108e-02
1.636891016723343931e-02
1.643136199559943819e-02
1.649336177781226404e-02
1.655488740834565667e-02
1.661591910166806615e-02
1.667643873364176021e-02
1.673642482624601580e-02
1.679586321543754743e-02
1.685473211115588038e-02
1.691302038240491412e-02
1.697070763945296087e-02
1.702778308378367911e-02
1.708422876318820352e-02
1.714003456603756595e-02
1.719518400459319266e-02
1.724966888291257910e-02
1.730347443419644887e-02
1.735659357777076181e-02
1.740901287098949729e-02
1.746072634768214976e-02
1.751172255727636781e-02
1.756199656461809519e-02
1.761153869412088527e-02
1.766034514523336790e-02
1.770840788523361103e-02
1.775572431109738100e-02
1.780228796127887939e-02
1.784809747771727920e-02
1.789314790188827400e-02
1.793743918936663295e-02
1.798096778520225786e-02
1.802373495802800721e-02
1.806573855083035141e-02
1.810698117716896816e-02
1.814746201867651829e-02
1.818718507079358088e-02
1.822615080380991792e-02
1.826436462217740503e-02
1.830182823582725965e-02
1.833854848950992877e-02
1.837452828178351080e-02
1.840977593365909076e-02
1.844429547667237809e-02
1.847809675067735302e-02
1.851118485469023175e-02
1.854357118266926341e-02
1.857526184387978813e-02
1.860626986080523432e-02
1.863660225780440147e-02
1.866627376447082404e-02
1.869529221885120329e-02
1.872367414932374699e-02
1.875142811992235037e-02
1.877857268299236784e-02
1.880511682877173893e-02
1.883108110529729470e-02
1.885647651428108348e-02
1.888132367679197510e-02
1.890563428237419796e-02
1.892943128654216850e-02
1.895272666904248421e-02
1.897554580547776426e-02
1.899790063262817713e-02
1.901981923254369641e-02
1.904131312237454868e-02
1.906241348368774291e-02
1.908313093455482265e-02
1.910350007942735601e-02
1.912353089874401640e-02
1.914326128991453504e-02
1.916269938741393258e-02
1.918188802625434355e-02
1.920083227743580451e-02
1.921958096434898261e-02
1.923813484317277514e-02
1.925655028554336401e-02
1.927482184703274704e-02
1.929301538026039972e-02
1.931111676026478138e-02
1.932920421693720345e-02
1.934725155981958933e-02
1.936535336938940283e-02
1.938346346514815272e-02
1.940161738306648079e-02
1.941719022295742073e-02
1.943305622371655980e-02
1.944619934548406578e-02
1.945982264239474319e-02
1.947047960890017221e-02
1.948180725961525667e-02
1.949004975078041588e-02
1.949914794724303194e-02
1.950491588186624090e-02
1.951172395025195863e-02
1.951510973694860554e-02
1.951974602061625277e-02
1.952063515781921749e-02
1.952297502172952240e-02
1.952155358890788478e-02
1.952176474763679323e-02
1.951787549257158125e-02
1.951583601021900441e-02
1.950968369204189590e-02
1.950554218504025814e-02
1.949700785781344897e-02
1.949063297060780672e-02
1.947995249686417310e-02
1.947152295313201234e-02
1.945854959705964685e-02
1.944788446004236393e-02
1.943293431502335356e-02
1.942024423665013669e-02
1.940314614340735502e-02
1.938819283686316411e-02
1.936935017423454045e-02
1.935236345249080267e-02
1.933159004666040043e-02
1.931225553071689097e-02
1.929007711804209615e-02
1.926865598113871453e-02
1.924486281682053282e-02
1.922096655791177833e-02
1.919620882523603855e-02
1.917011310231284127e-02
1.914419226910103050e-02
1.911545134603393273e-02
1.908912417854364066e-02
1.905803194761555852e-02
1.903111388417564817e-02
1.899717814236746155e-02
1.897053919081839388e-02
1.893411438724536613e-02
1.890749442139506506e-02
1.886802558943399474e-02
1.884241823033418889e-02
1.880036961366358603e-02
1.877541624975369305e-02
1.873029479911291970e-02
1.870663943050442785e-02
1.865879154576689791e-02
1.863601535177851140e-02
1.858511325672851031e-02
1.856357545225250857e-02
1.850995354465916065e-02
1.848907396936617931e-02
1.843226000794851230e-02
1.841258843629691583e-02
1.835236053972347930e-02
1.833244332388371881e-02
1.826944044483366433e-02
1.824922675634148977e-02
1.818350862906455839e-02
1.816199425926495400e-02
1.809431611984384930e-02
1.807128408313446108e-02
1.800204274585475231e-02
1.797697613257030064e-02
1.790693272864923857e-02
1.787956996797180134e-02
1.780939053724995766e-02
1.777968801319134914e-02
1.771004237293647907e-02
1.767803708008361049e-02
1.760950989545000817e-02
1.757525022692148914e-02
1.750829999192686851e-02
1.747193393581033399e-02
1.740690721793164419e-02
1.736858937244502299e-02
1.730564964694505936e-02
1.726557111054657576e-02
1.720473618510796193e-02
1.716308986513694068e-02
1.710432717612175163e-02
1.706126813081582441e-02
1.700438215859164173e-02
1.696005526207117545e-02
1.690493648979224384e-02
1.685957957389418518e-02
1.680583777400895470e-02
1.675984939193436718e-02
1.670814501295554005e-02
1.666264168964142964e-02
1.661361506704187030e-02
1.656964162396899407e-02
1.652388664527860290e-02
1.648237576759785730e-02
1.644045263834252937e-02
1.640221558962213014e-02
1.636462143546590225e-02
1.633038763637359447e-02
1.629755772421275645e-02
1.626792866985738578e-02
1.624026415159899109e-02
1.621573847244297054e-02
1.619358875985180135e-02
1.617457494726099246e-02
1.615823782313344920e-02
1.614506592123201439e-02
1.613478952551665804e-02
1.612772160983576286e-02
1.612370750427245467e-02
1.612294727378410508e-02
1.612535416124241672e-02
1.613105587734219026e-02
1.614000417433222520e-02
1.615228010951131124e-02
1.616785635268680466e-02
1.618678346082129405e-02
1.620904462772203986e-02
1.623467039320909341e-02
1.626364862375534112e-02
1.629599598385635117e-02
1.633170196436494262e-02
1.637077369449803366e-02
1.641320069176742738e-02
1.645898324286375683e-02
1.650811012319239324e-02
1.656057687062704661e-02
1.661637140864370005e-02
1.667548560108704503e-02
1.673790632607577086e-02
1.680362335508640836e-02
1.687262263784728225e-02
1.694489227798365652e-02
1.702041773802830116e-02
1.709918600691844384e-02
1.718118222630626163e-02
1.726639278036983666e-02
1.735480273641070922e-02
1.744639812548860053e-02
1.754116429672247096e-02
1.763908723078371626e-02
1.774015250910974603e-02
1.784434642399766735e-02
1.795165495334098346e-02
1.806206485745653553e-02
1.817556264890747564e-02
1.829213565393407112e-02
1.841177101743388805e-02
1.853445673254516118e-02
1.866018063638599789e-02
1.878893146228751559e-02
1.892069777380019774e-02
1.905546909646262110e-02
1.919323472851856491e-02
1.933398502535846677e-02
1.947771000251534435e-02
1.962440087527615382e-02
1.977404832986481842e-02
1.992664447532604272e-02
2.008218058600580794e-02
2.024064971432876572e-02
2.040204358297246015e-02
2.056635628810299030e-02
2.073357977856689002e-02
2.090370939818780860e-02
2.107673693147349772e-02
2.125265937015123618e-02
2.143146762394136304e-02
2.161316120615372482e-02
2.179772879919790463e-02
2.198517422032825533e-02
2.217548113491772666e-02
2.236866161914373777e-02
2.256468836895847777e-02
2.276359066390658964e-02
2.296531686975310238e-02
2.316993474168356493e-02
2.337733768817611135e-02
2.358768731006956332e-02
2.380075460830742215e-02
2.401696424354285084e-02
2.423587394743505555e-02
2.445888431215055211e-02
2.468593663970299751e-02
2.492416578201062105e-02
2.518484769833138209e-02
2.552552297289061717e-02
2.609511567498839710e-02
2.733788714945453030e-02
2.963513991013834448e-02
3.191371076384268840e-02
3.261792322710273945e-02
3.316550326141424337e-02
3.349471824251434166e-02
3.405812503065334257e-02
3.439362357750218313e-02
3.497220060074778675e-02
3.530988743651880535e-02
3.590658148553734635e-02
3.625417701456168373e-02
3.686598072588244401e-02
3.721418478174867012e-02
3.784371449659708342e-02
3.819500120744925148e-02
3.884399507912496968e-02
3.920250190481244790e-02
3.986323545557247938e-02
4.022551192140005200e-02
4.090584944155260111e-02
4.126360884571682319e-02
4.196823525063776705e-02
4.232924267907427901e-02
4.305399748819502270e-02
4.341522852092148665e-02
4.415706889070095814e-02
4.452249767366514566e-02
4.528110402263897660e-02
4.564803714995255279e-02
4.642923951368905372e-02
4.679433172305258459e-02
4.759520684308254923e-02
4.796295332070237005e-02
4.878187312421002758e-02
4.915327966529902531e-02
4.998974806933768888e-02
5.035894826495283805e-02
5.121716600161056038e-02
5.158135139451752726e-02
5.246652337979139380e-02
5.282514835139576204e-02
5.373314960925520967e-02
5.409332511274354827e-02
5.502451149266657932e-02
5.537361657949625704e-02
5.633222220649641149e-02
5.667343581954324000e-02
5.765466959496486077e-02
5.799907542842570873e-02
5.900001283185116185e-02
5.933828244468227625e-02
6.036393978347795453e-02
6.069526760831892714e-02
6.175075143883670958e-02
6.206643778911050124e-02
6.315381235496994594e-02
6.345784197886053524e-02
6.457418575970312602e-02
6.486968184802024973e-02
6.601418069167570846e-02
6.629163052471333251e-02
6.747212472766270230e-02
6.773147250875358183e-02
6.894651372256925537e-02
6.919397788739460597e-02
7.043873135262936069e-02
7.066982451902409368e-02
7.194770813819294231e-02
7.216456685423955353e-02
7.347125060673105612e-02
7.366704800155438049e-02
7.500733785759111649e-02
7.519151310428208446e-02
7.657022798500734417e-02
7.672679798952652952e-02
7.814578898785759509e-02
7.827918783181414542e-02
7.974125508661293604e-02
7.983550485566799637e-02
8.136111710504051464e-02
8.140408769852328086e-02
8.298034998985491517e-02
8.299979034441724857e-02
8.461689056770665962e-02
8.460144705764248430e-02
8.626646095690994331e-02
8.621957844893456124e-02
8.793561254250051307e-02
8.783989179785617329e-02
8.962150931139664656e-02
8.948095908526285114e-02
9.131496746376555063e-02
9.112411246716606295e-02
9.302855044394833794e-02
9.278014336171594434e-02
9.474909023748472048e-02
9.445096569421568278e-02
9.648935606964734180e-02
9.611952448503791047e-02
9.824481963831990794e-02
9.779316829328855987e-02
1.000166370472921201e-01
9.948174809803823904e-02
1.018058987815137484e-01
1.011746069722599117e-01
1.036050345248658300e-01
1.028740465891603562e-01
1.054245339918182256e-01
1.045732551341959915e-01
1.072536893291778509e-01
1.062831306118874330e-01
1.090999437953901474e-01
1.079858653421265774e-01
1.109749655468055402e-01
1.096856476081261439e-01
1.128509213608805545e-01
1.113973514144823984e-01
1.147456502468082729e-01
1.131088398486173180e-01
1.166625004837443108e-01
1.148130496106418430e-01
1.185933445069342063e-01
1.165061911170038184e-01
1.205562991513413756e-01
1.181972579402542634e-01
1.225302155676132321e-01
1.198811510467217289e-01
1.245394038547865539e-01
1.215469042109246084e-01
1.265764983562129298e-01
1.232016397888128639e-01
1.286363403851195630e-01
1.248425759732247342e-01
1.307341093644902863e-01
1.264583612988350869e-01
1.328687204910463382e-01
1.280538886201677273e-01
1.350317956756472981e-01
1.296283024289731356e-01
1.372454491668165244e-01
1.311563916858240753e-01
1.395323924871793020e-01
1.326381571984555363e-01
1.418841605455759547e-01
1.340711123536948435e-01
1.443099684226772927e-01
1.354468341648331908e-01
1.468165543342041801e-01
1.367630011827326297e-01
1.494259343461217804e-01
1.380047613142178498e-01
1.521526285600454387e-01
1.391521557801665421e-01
1.550457364551959261e-01
1.401743435205280441e-01
1.581175392397013435e-01
1.410863429419609849e-01
1.614154425858691511e-01
1.418410384276866665e-01
1.649711672225277481e-01
1.424428825429519541e-01
1.688605383545273841e-01
1.428436070945386382e-01
1.731396683377372514e-01
1.430365144845869574e-01
1.779408575446739527e-01
1.429723535618236396e-01
1.833785783593457897e-01
1.426335393736852530e-01
1.896124828516367322e-01
1.420031867770799872e-01
1.968559329007895375e-01
1.410541100225334576e-01
2.054072459081837942e-01
1.397752351829387174e-01
2.156088827006827635e-01
1.381890454360606424e-01
2.278880237793683428e-01
1.363415361554452532e-01
2.428214954831822980e-01
1.343097788697971140e-01
2.609351224540085168e-01
1.322414226971956319e-01
2.826309209733698369e-01
1.303522490458697558e-01
3.077238549537422152e-01
1.289142589392760496e-01
3.349074113970281763e-01
1.282185529517982092e-01
3.614413145513550862e-01
1.284985009103629949e-01
3.847949357997206277e-01
1.297706447003666441e-01
4.047091498240209528e-01
1.318430273315695511e-01
4.236500301235637256e-01
1.344201312680089189e-01
4.433684244492149262e-01
1.373575512733265502e-01
4.647712471571163184e-01
1.406221695952794282e-01
4.881926355469533574e-01
1.442232060043352193e-01
5.137182979149057527e-01
1.482030161069284313e-01
5.414913633343747534e-01
1.525973336508570644e-01
5.717948444068131630e-01
1.574349633911941992e-01
6.047992843910771077e-01
1.627560436288395807e-01
6.409911829469157052e-01
1.685934222737139609e-01
6.800707725245502822e-01
1.750070818199079836e-01
7.229752533625144473e-01
1.820195623388693729e-01
7.690487148883112800e-01
1.897071710505429942e-01
8.200355412483136819e-01
1.980794759329991550e-01
8.742166663556835138e-01
2.072419722423197996e-01
9.354118907615093237e-01
2.171678434522646417e-01
9.957359796373563832e-01
2.280791520250482485e-01
1.078547256825328260e+00
2.396277738129614643e-01
1.108639961752236003e+00
2.530875579663578456e-01
1.357567233160241749e+00
2.652941842295321040e-01
6.580618187762847793e-01
3.315273589429507117e-01
8.745521523366962535e-01
3.082834686592909046e-01
1.458012845586529549e+00
2.994557651982776569e-01
1.325858019092777118e+00
3.202078866151452097e-01
2.422156941533241348e+00
3.404992398868291192e-01
2.429148832085897602e+00
3.185207702326097734e-01
2.139292719693113298e+00
3.376971476536151928e-01
1.087880918257525753e+00
3.507185141772639070e-01
1.865867759131929482e+00
3.076348140547743859e-01
3.085602507086607216e-01
7.966823247373346906e-01
3.799806875143426632e-01
1.117975681422191059e+00
3.520799564694736539e-01
2.131749891408512454e+00
3.519247102633287216e-01
6.360109962829088026e-01
5.288966471628493426e-01
6.700473074977773003e-01
4.993580737562685612e-01
7.309582689964722046e-01
4.583732338763423786e-01
8.516787398573923973e-01
4.064670095674173256e-01
1.136594636870085218e+00
3.499035020947287578e-01
2.020344088044836894e+00
3.100111900613528038e-01
6.131031259040866654e-01
4.516585947648331101e-01
6.848487155210493116e-01
4.260381244746376250e-01
8.270004512906168337e-01
3.947886579657200468e-01
1.166828232812709532e+00
3.653171795935421517e-01
2.272446778697127190e+00
3.659140570499312961e-01
9.898298944088198548e-01
4.094113893599780618e-01
1.458757605476408870e+00
3.510255938951681864e-01
2.880570874090599975e+00
3.285296675770266184e-01
2.497133458098518055e+00
3.458406408974201707e-01
2.611149754349249452e+00
3.255617532934051428e-01
2.466570589859933715e+00
3.465979923634985860e-01
2.518572760572271640e+00
3.258706453872346476e-01
2.333482011772749498e+00
3.461621431985530406e-01
1.958292188524171085e+00
3.260305768897392986e-01
3.382884194871203509e-01
2.508955676412173208e+00
3.524372100446481748e-01
2.614871242423945752e+00
3.317294956681646756e-01
2.512430655052285466e+00
3.536014703341114895e-01
2.618348146660329778e+00
3.328201071969618674e-01
2.522339691257884819e+00
3.548149007642054098e-01
2.642575885089192056e+00
3.340550288313132166e-01
2.562994056708357782e+00
3.563926823116794762e-01
2.756974333122226728e+00
3.361281953015435309e-01
2.668919270274757061e+00
3.586224256826903711e-01
2.981416273663013872e+00
3.394704243691095691e-01
2.646767217946365491e+00
3.579224298866836018e-01
2.943791427241104319e+00
3.386125548027987819e-01
2.658410751962125396e+00
3.578720772493721447e-01
2.961242571942622526e+00
3.386218882169450550e-01
2.643865314135593891e+00
3.573010598268407390e-01
2.935304022362444698e+00
3.379270713080385624e-01
2.649887368609404437e+00
3.571281826295752970e-01
2.944243413177505708e+00
3.377735305978947222e-01
2.639519049638531012e+00
3.566245194293208853e-01
2.925929536340169168e+00
3.371731549976736964e-01
2.640437715705715060e+00
3.563378983874200268e-01
2.925946505155162747e+00
3.368556700074030741e-01
2.633335490795036371e+00
3.558895067655828415e-01
2.913307602094757698e+00
3.363254260797097217e-01
2.631605574159612715e+00
3.555405729492393530e-01
2.909358246341393617e+00
3.359223196515288556e-01
2.625762456227247466e+00
3.551049834715800380e-01
2.898546900137572990e+00
3.354004687889850511e-01
2.623030396159470978e+00
3.547247335535103629e-01
2.892918267476952465e+00
3.349492643570537997e-01
2.616595222935660381e+00
3.542669058173401053e-01
2.881378105202516693e+00
3.343947248407161399e-01
2.612379227053827524e+00
3.538471968235467058e-01
2.873315721647043297e+00
3.338853855807462634e-01
2.606485858750006379e+00
3.533884394073725232e-01
2.862534297462127952e+00
3.333229157038681278e-01
2.601601913208122063e+00
3.529425241640625766e-01
2.853461217987562470e+00
3.327756103312832781e-01
2.595453191197701681e+00
3.524636897691142967e-01
2.842149837409093660e+00
3.321823866300890882e-01
2.590157097908583506e+00
3.519933778664777191e-01
2.832267959035223104e+00
3.315991584094503120e-01
2.583815677642330666e+00
3.514929989242172592e-01
2.821142996312372642e+00
3.309816022745709074e-01
2.576983178896370408e+00
3.509715780418874442e-01
2.808066334488106275e+00
3.303252623612228378e-01
2.570023809162341966e+00
3.504427743512844584e-01
2.794546161077385626e+00
3.296554140853377723e-01
2.562549583565622235e+00
3.499000375993995271e-01
2.781188590767071034e+00
3.289765600862157857e-01
2.554281369974118920e+00
3.493324745568892054e-01
2.765459812116521920e+00
3.282558226193935669e-01
2.545781243763417745e+00
3.487582795082734277e-01
2.749605007898670017e+00
3.275278512429295463e-01
2.536354617291789015e+00
3.481631040761347107e-01
2.731417709770179947e+00
3.267649397455452132e-01
2.526156967835072376e+00
3.475573350123225547e-01
2.711174069347690008e+00
3.259791235212158300e-01
2.513906935029659451e+00
3.469256028581875761e-01
2.687043611027519319e+00
3.251531628812704966e-01
2.499325191556362569e+00
3.462741833878369979e-01
2.655632899957414139e+00
3.242676258741406525e-01
2.479335082740457885e+00
3.455826348581175766e-01
2.609754277576123549e+00
3.232796643816031601e-01
2.443459492861070448e+00
3.447358476018791973e-01
2.514931780688167251e+00
3.219479434405769780e-01
2.324733980199979566e+00
3.429237507020386211e-01
2.075043542232293703e+00
3.198002860955268534e-01
6.178771958152836641e-01
4.742391811152404379e-01
6.785733521374149868e-01
4.482015142927966433e-01
7.969667195013258043e-01
4.157047926513663949e-01
1.067755721888877352e+00
3.823062285060280230e-01
1.898664904340531479e+00
